25000000
100000000
250000000
500000000
1000000000
30000000
30000000
3000000
1200000000
2000
20000
50000
100000
500000
700000
5000000
1000000
10000000
1500000
14000000
2000000
20000000
3000000
30000000
4000000
50000000
5000000
70000000
6000000
100000000
7000000
150000000
8000000
200000000
9000000
300000000
10000000
400000000
15000000
500000000
30000000
600000000
50000000
700000000
500000000
1500000000
1600000000
1700000000
1800000000
2100000000
2100000000
2100000000
2100000000
2100000000
2100000000
2100000000
2100000000
2100000000
2100000000
2100000000
2100000000
2100000000
2100000000
2100000000
2100000000
2100000000
2100000000
2100000000
2100000000
2100000000