1	-1	-1	73	0	0	4100	1	0	15	200	0	200	0	0	0	0	3	0	0	0	0	0	1	1	0	逐鹿★斗笠※【一品】
2	-1	-1	73	0	0	4115	1	0	15	200	0	200	0	0	0	0	3	0	0	0	0	0	1	1	0	逐鹿★斗笠※【二品】
3	-1	-1	73	0	0	4130	1	0	15	200	0	200	0	0	0	0	3	0	0	0	0	0	1	1	0	逐鹿★斗笠※【三品】
4	-1	-1	73	0	0	4145	1	0	15	200	0	200	0	0	0	0	3	0	0	0	0	0	1	1	0	逐鹿★斗笠※【四品】
5	-1	-1	73	0	0	4160	1	0	15	200	0	200	0	0	0	0	3	0	0	0	0	0	1	1	0	逐鹿★斗笠※【五品】
6	-1	-1	73	0	0	4175	1	0	15	200	0	200	0	0	0	0	3	0	0	0	0	0	1	1	0	逐鹿★斗笠※【六品】
7	-1	-1	73	0	0	4190	1	0	15	200	0	200	0	0	0	0	3	0	0	0	0	0	1	1	0	逐鹿★斗笠※【七品】
8	-1	-1	73	0	0	4205	1	0	15	200	0	200	0	0	0	0	3	0	0	0	0	0	1	1	0	逐鹿★斗笠※【八品】
9	-1	-1	73	0	0	4220	1	0	15	200	0	200	0	0	0	0	3	0	0	0	0	0	1	1	0	逐鹿★斗笠※【九品】
10	-1	-1	73	0	0	4235	1	0	15	200	0	200	0	0	0	0	3	0	0	0	0	0	1	1	0	逐鹿★斗笠※【十品】
11	-1	-1	73	0	0	4250	1	0	15	200	0	200	0	0	0	0	3	0	0	0	0	0	1	1	0	「王者・归来」lc争锋・帝尊
12	60	-1	-1	2630	0	0	10	0	1	150	0	100	120	80	0	0	0	0	0	0	0	0	1	1	0	帝炎★丹心※照汗青
13	60	-1	-1	2640	0	0	10	0	1	150	0	100	120	80	0	0	0	0	0	0	0	0	1	1	0	霸^★_W※in穹
14	60	-1	-1	2650	0	0	10	0	1	150	0	100	120	80	0	0	0	0	0	0	0	0	1	1	0	[★狻憾九天
15	60	-1	-1	2660	0	0	10	0	1	150	0	100	120	80	0	0	0	0	0	0	0	0	1	1	0	}渊★鬼泣※@天地
16	73	-1	-1	5105	0	0	20	0	1	150	0	100	30	-50	0	0	0	0	0	0	0	0	1	1	0	涅★神※m
17	73	-1	-1	5125	0	0	10	0	1	150	0	100	30	-50	0	0	0	0	0	0	0	0	1	1	0	天I★浪淘※自天涯
18	73	-1	-1	5145	0	0	20	0	1	150	0	100	30	-50	0	0	0	0	0	0	0	0	1	1	0	莫邪★帝矗※戟指天
19	73	-1	-1	5165	0	0	20	0	1	150	0	100	30	-50	0	0	0	0	0	0	0	0	1	1	0	Wx★霸※宇等e
20	73	-1	-1	5185	0	0	20	0	1	150	0	100	30	-50	0	0	0	0	0	0	0	0	1	1	0	KO★金樽※空υ
21	73	-1	73	4355	0	4355	15	0	15	200	0	200	3	0	0	0	3	0	0	0	0	0	1	1	0	《铭纹》血★鹕瘵g天I
22	73	-1	73	4370	0	4370	15	0	15	200	0	200	3	0	0	0	3	0	0	0	0	0	1	1	0	《铭纹》刀Α锷窕施g莫邪
23	73	-1	73	4385	0	4385	15	0	15	200	0	200	3	0	0	0	3	0	0	0	0	0	1	1	0	《铭纹》真`★九gWx
24	73	-1	73	4400	0	4400	15	0	15	200	0	200	3	0	0	0	3	0	0	0	0	0	1	1	0	《铭纹》王★opgKO
25	73	-1	73	4415	0	4415	15	0	15	200	0	200	3	0	0	0	3	0	0	0	0	0	1	1	0	《铭纹》金z★[g君王
26	73	-1	73	4430	0	4430	15	0	15	200	0	200	3	0	0	0	3	0	0	0	0	0	1	1	0	《铭纹》赤心★巡天g逍遥
27	73	-1	73	4445	0	4445	15	0	15	200	0	200	3	0	0	0	3	0	0	0	0	0	1	1	0	《铭纹》天刀★无疆g昊天
28	73	-1	73	4790	0	4790	15	0	15	200	0	200	0	0	0	0	0	0	0	0	0	0	1	1	0	《魂石》血◆鹕瘵g天I
29	73	-1	73	4775	0	4775	15	0	15	200	0	200	2	0	0	0	2	0	0	0	0	0	1	1	0	《魂石》刀Α羯窕施g莫邪
30	73	-1	73	4760	0	4760	15	0	15	200	0	200	2	0	0	0	2	0	0	0	0	0	1	1	0	《魂石》真`◆九gWx
31	73	-1	73	4745	0	4745	15	0	15	200	0	200	2	0	0	0	2	0	0	0	0	0	1	1	0	《魂石》王◆opgKO
32	73	-1	73	4730	0	4730	15	0	15	200	0	200	2	0	0	0	2	0	0	0	0	0	1	1	0	《魂石》金z◆[g君王
33	73	-1	73	4715	0	4715	15	0	15	200	0	200	2	0	0	0	2	0	0	0	0	0	1	1	0	《魂石》赤心◆巡天g逍遥
34	73	-1	73	4700	0	4700	15	0	15	200	0	200	2	0	0	0	2	0	0	0	0	0	1	1	0	《魂石》天刀◆无疆g昊天
35	73	-1	73	3255	0	3255	10	0	10	200	0	200	0	0	0	0	0	0	0	0	0	0	1	1	0	〈刀Α羯窕省怠つ邪g神印
36	73	-1	73	3265	0	3265	10	0	10	200	0	200	0	0	0	0	0	0	0	0	0	0	1	1	0	〈真`◆九〉・Wxg神印
37	73	-1	73	3275	0	3275	10	0	10	200	0	200	0	0	0	0	0	0	0	0	0	0	1	1	0	〈王◆op〉・KOg神印
38	73	-1	73	3285	0	3285	10	0	10	200	0	200	0	0	0	0	0	0	0	0	0	0	1	1	0	〈金z◆[〉・君王g神印
39	73	-1	73	3295	0	3295	10	0	10	200	0	200	0	0	0	0	0	0	0	0	0	0	1	1	0	〈赤心◆巡天〉・逍遥g神印
40	73	-1	73	3395	0	3395	10	0	10	200	0	200	0	0	0	0	0	0	0	0	0	0	1	1	0	〈天刀◆无疆〉・昊天g神印
41	62	-1	58	6974	0	620	12	0	8	100	0	100	-211	-284	0	0	1	-2	0	0	0	0	1	1	0	《时装》`※毓秀g紫
42	62	-1	58	6994	0	620	30	0	8	100	0	100	0	0	0	0	1	-2	0	0	0	0	1	1	0	《时装》雷Q※x火g帝炎
43	62	-1	58	7044	0	620	40	0	8	100	0	100	0	0	0	0	1	-2	0	0	0	0	1	1	0	《时装》天星※耀g霸^
44	62	-1	58	7084	0	620	40	0	8	100	0	100	0	0	0	0	1	-2	1	0	0	0	1	1	0	《时装》神威※亢天g[
45	62	-1	58	7124	0	620	58	0	8	100	0	100	-285	-383	0	0	1	-2	0	0	0	0	1	1	0	《时装》魔神※之Eg}渊
46	62	-1	58	7182	0	620	15	0	8	100	0	100	-260	-240	0	0	1	-2	0	0	0	0	1	1	0	《时装》神雷※天裁g涅
47	62	-1	58	7197	0	620	15	0	8	100	0	100	-260	-240	0	0	1	-2	0	0	0	0	1	1	0	《时装》血※鹕瘵g天I
48	62	-1	58	7212	0	620	15	0	8	100	0	100	-220	-230	0	0	1	-2	0	0	0	0	1	1	0	《时装》刀Α神皇g莫邪
49	62	-1	58	7227	0	620	15	0	8	100	0	100	-220	-230	0	0	1	-2	0	0	0	0	1	1	0	《时装》真`※九gWx
50	62	-1	58	7242	0	620	15	0	8	100	0	100	-360	-200	0	0	1	-2	0	0	0	0	1	1	0	《时装》王※opgKO
51	62	-1	58	7257	0	620	15	0	8	200	0	100	-360	-200	0	0	1	-2	0	0	0	0	1	1	0	《时装》金z※[g君王
52	62	-1	58	7272	0	620	15	0	8	200	0	100	-360	-200	0	0	1	-2	0	0	0	0	1	1	0	《时装》赤心※巡天g逍遥
53	73	-1	-1	3243	0	0	12	0	1	200	0	200	-65	-76	0	0	0	0	0	0	0	0	1	0	0	我命由我不由天メ神剑
54	73	-1	-1	3231	0	0	12	0	1	200	0	200	13	10	0	0	0	0	0	0	0	0	1	0	0	我命由我不由天メ神甲
55	62	-1	62	6830	0	6830	12	0	12	200	0	200	0	0	0	0	0	0	0	0	0	0	1	1	0	我命由我不由天メ盔
56	62	-1	62	6842	0	6842	12	0	12	200	0	200	0	0	0	0	0	0	0	0	0	0	1	1	0	我命由我不由天メ链
57	62	-1	62	6854	0	6854	12	0	12	200	0	200	0	0	0	0	0	0	0	0	0	0	1	1	0	我命由我不由天メ镯
58	62	-1	62	6866	0	6866	12	0	12	200	0	200	0	0	0	0	0	0	0	0	0	0	1	1	0	我命由我不由天メ戒
59	62	-1	62	6878	0	6878	12	0	12	200	0	200	0	0	0	0	0	0	0	0	0	0	1	1	0	我命由我不由天メ带
60	62	-1	62	6890	0	6890	12	0	12	200	0	200	0	0	0	0	0	0	0	0	0	0	1	1	0	我命由我不由天メ靴
61	71	-1	-1	3164	0	0	12	0	1	200	0	200	-150	-185	0	0	0	0	0	0	0	0	1	0	0	流※メ神剑
62	71	-1	-1	3152	0	0	12	0	1	200	0	200	-100	-160	0	0	0	0	0	0	0	0	1	0	0	流※メ神甲
63	62	-1	62	6758	0	6758	12	0	12	200	0	200	0	0	0	0	0	0	0	0	0	0	1	1	0	流※メ盔
64	62	-1	62	6770	0	6770	12	0	12	200	0	200	0	0	0	0	0	0	0	0	0	0	1	1	0	流※メ链
65	62	-1	62	6782	0	6782	12	0	12	200	0	200	0	0	0	0	0	0	0	0	0	0	1	1	0	流※メ镯
66	62	-1	62	6794	0	6794	12	0	12	200	0	200	0	0	0	0	0	0	0	0	0	0	1	1	0	流※メ戒
67	62	-1	62	6806	0	6806	12	0	12	200	0	200	0	0	0	0	0	0	0	0	0	0	1	1	0	流※メ带
68	62	-1	62	6818	0	6818	12	0	12	200	0	200	0	0	0	0	0	0	0	0	0	0	1	1	0	流※メ靴
69	71	-1	-1	3200	0	0	12	0	1	200	0	200	-115	-160	0	0	0	0	0	0	0	0	1	0	0	雷※丧嵘窠
70	71	-1	-1	3176	0	0	12	0	1	200	0	200	-10	-20	0	0	0	0	0	0	0	0	1	0	0	雷※丧嵘窦
71	62	-1	62	6686	0	6686	12	0	12	200	0	200	0	0	0	0	0	0	0	0	0	0	1	1	0	雷※丧峥
72	62	-1	62	6698	0	6698	12	0	12	200	0	200	0	0	0	0	0	0	0	0	0	0	1	1	0	雷※丧崃
73	62	-1	62	6710	0	6710	12	0	12	200	0	200	0	0	0	0	0	0	0	0	0	0	1	1	0	雷※丧犸
74	62	-1	62	6722	0	6722	12	0	12	200	0	200	0	0	0	0	0	0	0	0	0	0	1	1	0	雷※丧峤
75	62	-1	62	6734	0	6734	12	0	12	200	0	200	0	0	0	0	0	0	0	0	0	0	1	1	0	雷※丧岽
76	62	-1	62	6746	0	6746	12	0	12	200	0	200	0	0	0	0	0	0	0	0	0	0	1	1	0	雷※丧嵫
77	71	-1	-1	3239	0	0	12	0	1	200	0	200	-10	-20	0	0	0	0	0	0	0	0	1	0	0	星※逝メ神剑
78	71	-1	-1	3239	0	0	12	0	1	200	0	200	-10	-20	0	0	0	0	0	0	0	0	1	0	0	星※逝メ神甲
79	62	-1	62	6614	0	6614	12	0	12	200	0	200	0	0	0	0	0	0	0	0	0	0	1	1	0	星※逝メ盔
80	62	-1	62	6626	0	6626	12	0	12	200	0	200	0	0	0	0	0	0	0	0	0	0	1	1	0	星※逝メ链
81	62	-1	62	6638	0	6638	12	0	12	200	0	200	0	0	0	0	0	0	0	0	0	0	1	1	0	星※逝メ镯
82	62	-1	62	6650	0	6650	12	0	12	200	0	200	0	0	0	0	0	0	0	0	0	0	1	1	0	星※逝メ戒
83	62	-1	62	6662	0	6662	12	0	12	200	0	200	0	0	0	0	0	0	0	0	0	0	1	1	0	星※逝メ带
84	62	-1	62	6674	0	6674	12	0	12	200	0	200	0	0	0	0	0	0	0	0	0	0	1	1	0	星※逝メ靴
85	71	-1	-1	3212	0	0	12	0	1	200	0	200	-200	-200	0	0	0	0	0	0	0	0	1	0	0	n※茫メ神剑
86	71	-1	-1	3239	0	0	12	0	1	200	0	200	-8	-20	0	0	0	0	0	0	0	0	1	0	0	n※茫メ神甲
87	62	-1	62	6542	0	6542	12	0	12	200	0	200	0	0	0	0	0	0	0	0	0	0	1	1	0	n※茫メ盔
88	62	-1	62	6554	0	6554	12	0	12	200	0	200	0	0	0	0	0	0	0	0	0	0	1	1	0	n※茫メ链
89	62	-1	62	6566	0	6566	12	0	12	200	0	200	0	0	0	0	0	0	0	0	0	0	1	1	0	n※茫メ镯
90	62	-1	62	6578	0	6578	12	0	12	200	0	200	0	0	0	0	0	0	0	0	0	0	1	1	0	n※茫メ戒
91	62	-1	62	6590	0	6590	12	0	12	200	0	200	0	0	0	0	0	0	0	0	0	0	1	1	0	n※茫メ带
92	62	-1	62	6602	0	6602	12	0	12	200	0	200	0	0	0	0	0	0	0	0	0	0	1	1	0	n※茫メ靴
93	71	-1	-1	3251	0	0	12	0	1	200	0	200	-220	-200	0	0	0	0	0	0	0	0	1	0	0	破※メ神剑
94	71	-1	-1	3239	0	0	12	0	1	200	0	200	-8	-20	0	0	0	0	0	0	0	0	1	0	0	破※メ神甲
95	62	-1	62	6470	0	6470	12	0	12	200	0	200	0	0	0	0	0	0	0	0	0	0	1	1	0	破※メ盔
96	62	-1	62	6482	0	6482	12	0	12	200	0	200	0	0	0	0	0	0	0	0	0	0	1	1	0	破※メ链
97	62	-1	62	6494	0	6494	12	0	12	200	0	200	0	0	0	0	0	0	0	0	0	0	1	1	0	破※メ镯
98	62	-1	62	6506	0	6506	12	0	12	200	0	200	0	0	0	0	0	0	0	0	0	0	1	1	0	破※メ戒
99	62	-1	62	6518	0	6518	12	0	12	200	0	200	0	0	0	0	0	0	0	0	0	0	1	1	0	破※メ带
100	62	-1	62	6530	0	6530	12	0	12	200	0	200	0	0	0	0	0	0	0	0	0	0	1	1	0	破※メ靴
101	71	-1	-1	3290	0	0	12	0	1	200	0	200	-75	-90	0	0	0	0	0	0	0	0	1	0	0	s※血メ神剑
102	71	-1	-1	3278	0	0	12	0	1	200	0	200	-8	-30	0	0	0	0	0	0	0	0	1	0	0	s※血メ神甲
103	62	-1	62	6398	0	6398	12	0	12	200	0	200	0	0	0	0	0	0	0	0	0	0	1	1	0	s※血メ盔
104	62	-1	62	6410	0	6410	12	0	12	200	0	200	0	0	0	0	0	0	0	0	0	0	1	1	0	s※血メ链
105	62	-1	62	6422	0	6410	12	0	12	200	0	200	0	0	0	0	0	0	0	0	0	0	1	1	0	s※血メ镯
106	62	-1	62	6434	0	6434	12	0	12	200	0	200	0	0	0	0	0	0	0	0	0	0	1	1	0	s※血メ戒
107	62	-1	62	6446	0	6446	12	0	12	200	0	200	0	0	0	0	0	0	0	0	0	0	1	1	0	s※血メ带
108	62	-1	62	6458	0	6458	12	0	12	200	0	200	0	0	0	0	0	0	0	0	0	0	1	1	0	s※血メ靴
109	71	-1	-1	3302	0	0	12	0	1	200	0	200	-8	0	0	0	0	0	0	0	0	0	1	0	0	玄※冰メ神剑
110	71	-1	-1	3322	0	0	12	0	1	200	0	200	0	10	0	0	0	0	0	0	0	0	1	0	0	玄※冰メ神甲
111	62	-1	62	6326	0	6326	12	0	12	200	0	200	0	0	0	0	0	0	0	0	0	0	1	1	0	玄※冰メ盔
112	62	-1	62	6338	0	6338	12	0	12	200	0	200	0	0	0	0	0	0	0	0	0	0	1	1	0	玄※冰メ链
113	62	-1	62	6350	0	6350	12	0	12	200	0	200	0	0	0	0	0	0	0	0	0	0	1	1	0	玄※冰メ镯
114	62	-1	62	6362	0	6362	12	0	12	200	0	200	0	0	0	0	0	0	0	0	0	0	1	1	0	玄※冰メ戒
115	62	-1	62	6374	0	6374	12	0	12	200	0	200	0	0	0	0	0	0	0	0	0	0	1	1	0	玄※冰メ带
116	62	-1	62	6386	0	6386	12	0	12	200	0	200	0	0	0	0	0	0	0	0	0	0	1	1	0	玄※冰メ靴
117	71	-1	-1	3382	0	0	12	0	1	200	0	200	0	0	0	0	0	0	0	0	0	0	1	0	0	稹メ神剑
118	71	-1	-1	3342	0	0	12	0	1	200	0	200	0	10	0	0	0	0	0	0	0	0	1	0	0	稹メ神甲
119	62	-1	62	6254	0	6254	12	0	12	200	0	200	0	0	0	0	0	0	0	0	0	0	1	1	0	稹メ盔
120	62	-1	62	6266	0	6266	12	0	12	200	0	200	0	0	0	0	0	0	0	0	0	0	1	1	0	稹メ链
121	62	-1	62	6278	0	6278	12	0	12	200	0	200	0	0	0	0	0	0	0	0	0	0	1	1	0	稹メ镯
122	62	-1	62	6290	0	6290	12	0	12	200	0	200	0	0	0	0	0	0	0	0	0	0	1	1	0	稹メ戒
123	62	-1	62	6302	0	6302	12	0	12	200	0	200	0	0	0	0	0	0	0	0	0	0	1	1	0	稹メ带
124	62	-1	62	6314	0	6314	12	0	12	200	0	200	0	0	0	0	0	0	0	0	0	0	1	1	0	稹メ靴
125	71	-1	-1	3402	0	0	12	0	1	200	0	200	0	10	0	0	0	0	0	0	0	0	1	0	0	刺※Lメ神剑
126	71	-1	-1	3362	0	0	20	0	1	150	0	50	0	10	0	0	0	0	0	0	0	0	1	1	0	刺※Lメ神甲
127	62	-1	62	6182	0	6182	12	0	12	200	0	200	0	0	0	0	0	0	0	0	0	0	1	1	0	刺※Lメ盔
128	62	-1	62	6194	0	6194	12	0	12	200	0	200	0	0	0	0	0	0	0	0	0	0	1	1	0	刺※Lメ链
129	62	-1	62	6206	0	6206	12	0	12	200	0	200	0	0	0	0	0	0	0	0	0	0	1	1	0	刺※Lメ镯
130	62	-1	62	6218	0	6218	12	0	12	200	0	200	0	0	0	0	0	0	0	0	0	0	1	1	0	刺※Lメ戒
131	62	-1	62	6230	0	6230	12	0	12	200	0	200	0	0	0	0	0	0	0	0	0	0	1	1	0	刺※Lメ带
132	62	-1	62	6242	0	6242	12	0	12	200	0	200	0	0	0	0	0	0	0	0	0	0	1	1	0	刺※Lメ靴
133	60	-1	-1	440	0	0	20	0	1	150	0	50	-10	-3	0	0	0	0	0	0	0	0	1	1	0	靛※婧％峤
134	60	-1	-1	260	0	0	20	0	1	150	0	50	-10	-3	0	0	0	0	0	0	0	0	1	1	0	靛※婧％峒
135	62	-1	62	4502	0	4502	12	0	12	200	0	200	0	0	0	0	0	0	0	0	0	0	1	1	0	靛※婧％峥
136	62	-1	62	4514	0	4514	12	0	12	200	0	200	0	0	0	0	0	0	0	0	0	0	1	1	0	靛※婧％崃
137	62	-1	62	4490	0	4490	12	0	12	200	0	200	0	0	0	0	0	0	0	0	0	0	1	1	0	靛※婧％犸
138	62	-1	62	4478	0	4478	12	0	12	200	0	200	0	0	0	0	0	0	0	0	0	0	1	1	0	靛※婧％峤
139	62	-1	62	4538	0	4538	12	0	12	200	0	200	0	0	0	0	0	0	0	0	0	0	1	1	0	靛※婧％岽
140	62	-1	62	4526	0	4526	12	0	12	200	0	200	0	0	0	0	0	0	0	0	0	0	1	1	0	靛※婧％嵫
141	60	-1	-1	460	0	0	20	0	1	150	0	50	-10	-3	0	0	0	0	0	0	0	0	1	1	0	冰※晶月メ剑
142	60	-1	-1	280	0	0	20	0	1	150	0	50	-10	-3	0	0	0	0	0	0	0	0	1	1	0	冰※晶月メ甲
143	62	-1	62	4574	0	4574	12	0	12	200	0	200	0	0	0	0	0	0	0	0	0	0	1	1	0	冰※晶月メ盔
144	62	-1	62	4586	0	4586	12	0	12	200	0	200	0	0	0	0	0	0	0	0	0	0	1	1	0	冰※晶月メ链
145	62	-1	62	4562	0	4562	12	0	12	200	0	200	0	0	0	0	0	0	0	0	0	0	1	1	0	冰※晶月メ镯
146	62	-1	62	4550	0	4550	12	0	12	200	0	200	0	0	0	0	0	0	0	0	0	0	1	1	0	冰※晶月メ戒
147	62	-1	62	4610	0	4610	12	0	12	200	0	200	0	0	0	0	0	0	0	0	0	0	1	1	0	冰※晶月メ带
148	62	-1	62	4598	0	4598	12	0	12	200	0	200	0	0	0	0	0	0	0	0	0	0	1	1	0	冰※晶月メ靴
149	60	-1	-1	480	0	0	20	0	1	150	0	50	-10	-3	0	0	0	0	0	0	0	0	1	1	0	碧※雪冰メ剑
150	60	-1	-1	300	0	0	20	0	1	150	0	50	-10	-3	0	0	0	0	0	0	0	0	1	1	0	碧※雪冰メ甲
151	62	-1	62	4646	0	4646	12	0	12	200	0	200	0	0	0	0	0	0	0	0	0	0	1	1	0	碧※雪冰メ盔
152	62	-1	62	4658	0	4658	12	0	12	200	0	200	0	0	0	0	0	0	0	0	0	0	1	1	0	碧※雪冰メ链
153	62	-1	62	4634	0	4634	12	0	12	200	0	200	0	0	0	0	0	0	0	0	0	0	1	1	0	碧※雪冰メ镯
154	62	-1	62	4622	0	4622	12	0	12	200	0	200	0	0	0	0	0	0	0	0	0	0	1	1	0	碧※雪冰メ戒
155	62	-1	62	4682	0	4682	12	0	12	200	0	200	0	0	0	0	0	0	0	0	0	0	1	1	0	碧※雪冰メ带
156	62	-1	62	4670	0	4670	12	0	12	200	0	200	0	0	0	0	0	0	0	0	0	0	1	1	0	碧※雪冰メ靴
157	60	-1	-1	500	0	0	20	0	1	150	0	50	-10	-3	0	0	0	0	0	0	0	0	1	1	0	金※晨曦メ剑
158	60	-1	-1	320	0	0	20	0	1	150	0	50	-10	-3	0	0	0	0	0	0	0	0	1	1	0	金※晨曦メ甲
159	62	-1	62	4718	0	4718	12	0	12	200	0	200	0	0	0	0	0	0	0	0	0	0	1	1	0	金※晨曦メ盔
160	62	-1	62	4730	0	4730	12	0	12	200	0	200	0	0	0	0	0	0	0	0	0	0	1	1	0	金※晨曦メ链
161	62	-1	62	4706	0	4706	12	0	12	200	0	200	0	0	0	0	0	0	0	0	0	0	1	1	0	金※晨曦メ镯
162	62	-1	62	4694	0	4694	12	0	12	200	0	200	0	0	0	0	0	0	0	0	0	0	1	1	0	金※晨曦メ戒
163	62	-1	62	4754	0	4754	12	0	12	200	0	200	0	0	0	0	0	0	0	0	0	0	1	1	0	金※晨曦メ带
164	62	-1	62	4742	0	4742	12	0	12	200	0	200	0	0	0	0	0	0	0	0	0	0	1	1	0	金※晨曦メ靴
165	60	-1	-1	520	0	0	20	0	1	150	0	50	-10	-3	0	0	0	0	0	0	0	0	1	1	0	o※gzメ剑
166	60	-1	-1	340	0	0	20	0	1	150	0	50	-10	-3	0	0	0	0	0	0	0	0	1	1	0	o※gzメ甲
167	62	-1	62	4790	0	4790	12	0	12	200	0	200	0	0	0	0	0	0	0	0	0	0	1	1	0	o※gzメ盔
168	62	-1	62	4802	0	4802	12	0	12	200	0	200	0	0	0	0	0	0	0	0	0	0	1	1	0	o※gzメ链
169	62	-1	62	4778	0	4778	12	0	12	200	0	200	0	0	0	0	0	0	0	0	0	0	1	1	0	o※gzメ镯
170	62	-1	62	4766	0	4766	12	0	12	200	0	200	0	0	0	0	0	0	0	0	0	0	1	1	0	o※gzメ戒
171	62	-1	62	4826	0	4826	12	0	12	200	0	200	0	0	0	0	0	0	0	0	0	0	1	1	0	o※gzメ带
172	62	-1	62	4814	0	4814	12	0	12	200	0	200	0	0	0	0	0	0	0	0	0	0	1	1	0	o※gzメ靴
173	60	-1	-1	540	0	0	20	0	1	150	0	50	-10	-3	0	0	0	0	0	0	0	0	1	1	0	紫※星河メ剑
174	60	-1	-1	360	0	0	20	0	1	150	0	50	-10	-3	0	0	0	0	0	0	0	0	1	1	0	紫※星河メ甲
175	62	-1	62	4934	0	4934	12	0	12	200	0	200	0	0	0	0	0	0	0	0	0	0	1	1	0	紫※星河メ盔
176	62	-1	62	4946	0	4946	12	0	12	200	0	200	0	0	0	0	0	0	0	0	0	0	1	1	0	紫※星河メ链
177	62	-1	62	4922	0	4922	12	0	12	200	0	200	0	0	0	0	0	0	0	0	0	0	1	1	0	紫※星河メ镯
178	62	-1	62	4910	0	4910	12	0	12	200	0	200	0	0	0	0	0	0	0	0	0	0	1	1	0	紫※星河メ戒
179	62	-1	62	4970	0	4970	12	0	12	200	0	200	0	0	0	0	0	0	0	0	0	0	1	1	0	紫※星河メ带
180	62	-1	62	4958	0	4958	12	0	12	200	0	200	0	0	0	0	0	0	0	0	0	0	1	1	0	紫※星河メ靴
181	60	-1	-1	560	0	0	20	0	1	150	0	50	-10	-3	0	0	0	0	0	0	0	0	1	1	0	玄※混沌メ剑
182	60	-1	-1	380	0	0	20	0	1	150	0	50	-10	-3	0	0	0	0	0	0	0	0	1	1	0	玄※混沌メ甲
183	62	-1	62	5006	0	5006	12	0	12	200	0	200	0	0	0	0	0	0	0	0	0	0	1	1	0	玄※混沌メ盔
184	62	-1	62	5018	0	5018	12	0	12	200	0	200	0	0	0	0	0	0	0	0	0	0	1	1	0	玄※混沌メ链
185	62	-1	62	4994	0	4994	12	0	12	200	0	200	0	0	0	0	0	0	0	0	0	0	1	1	0	玄※混沌メ镯
186	62	-1	62	4982	0	4982	12	0	12	200	0	200	0	0	0	0	0	0	0	0	0	0	1	1	0	玄※混沌メ戒
187	62	-1	62	5042	0	5042	12	0	12	200	0	200	0	0	0	0	0	0	0	0	0	0	1	1	0	玄※混沌メ带
188	62	-1	62	5030	0	5030	12	0	12	200	0	200	0	0	0	0	0	0	0	0	0	0	1	1	0	玄※混沌メ靴
189	60	-1	-1	580	0	0	20	0	1	150	0	50	-10	-3	0	0	0	0	0	0	0	0	1	1	0	明※R_メ剑
190	60	-1	-1	400	0	0	20	0	1	150	0	50	-10	-3	0	0	0	0	0	0	0	0	1	1	0	明※R_メ甲
191	62	-1	62	5078	0	5078	12	0	12	50	0	50	0	0	0	0	0	0	0	0	0	0	1	1	0	明※R_メ盔
192	62	-1	62	5090	0	5090	12	0	12	50	0	50	0	0	0	0	0	0	0	0	0	0	1	1	0	明※R_メ链
193	62	-1	62	5066	0	5066	12	0	12	50	0	50	0	0	0	0	0	0	0	0	0	0	1	1	0	明※R_メ镯
194	62	-1	62	5054	0	5054	12	0	12	50	0	50	0	0	0	0	0	0	0	0	0	0	1	1	0	明※R_メ戒
195	62	-1	62	5114	0	5114	12	0	12	50	0	50	0	0	0	0	0	0	0	0	0	0	1	1	0	明※R_メ带
196	62	-1	62	5102	0	5102	12	0	12	50	0	50	0	0	0	0	0	0	0	0	0	0	1	1	0	明※R_メ靴
197	73	-1	73	3465	0	3465	10	0	10	200	0	200	0	0	0	0	0	0	0	0	0	0	1	1	0	尚武★真英雄※【一品】
198	73	-1	73	3475	0	3475	10	0	10	200	0	200	0	0	0	0	0	0	0	0	0	0	1	1	0	山河★Lh絮※【二品】
199	73	-1	73	3485	0	3485	10	0	10	200	0	200	0	0	0	0	0	0	0	0	0	0	1	1	0	M城★S金甲※【三品】
200	73	-1	73	3495	0	3495	10	0	10	200	0	200	0	0	0	0	0	0	0	0	0	0	1	1	0	碧血★qo悔※【四品】
201	73	-1	73	3505	0	3505	10	0	10	200	0	200	0	0	0	0	0	0	0	0	0	0	1	1	0	我命★不由天※【五品】
202	73	-1	73	3515	0	3515	10	0	10	200	0	200	0	0	0	0	0	0	0	0	0	0	1	1	0	⒈M★我人※【六品】
203	73	-1	73	3525	0	3525	10	0	10	200	0	200	0	0	0	0	0	0	0	0	0	0	1	1	0	M刀★向天笑※【七品】
204	73	-1	73	3535	0	3535	10	0	10	200	0	200	0	0	0	0	0	0	0	0	0	0	1	1	0	霄★Rw睢【八品】
205	73	-1	73	3545	0	3545	10	0	10	200	0	200	0	0	0	0	0	0	0	0	0	0	1	1	0	天★震四方※【九品】
206	73	-1	73	3555	0	3555	10	0	10	200	0	200	0	0	0	0	0	0	0	0	0	0	1	1	0	戮s★神王命※【十品】
207	73	-1	73	3565	0	3565	10	0	10	200	0	200	0	0	0	0	0	0	0	0	0	0	1	1	0	雪吟★山河M※【op】
208	73	-1	73	4505	0	4505	15	0	15	200	0	200	0	0	0	0	0	0	0	0	0	0	1	1	0	《天符》神威灬亢天g[
209	73	-1	73	4520	0	4520	15	0	15	200	0	200	0	0	0	0	0	0	0	0	0	0	1	1	0	《天符》魔神灬之Eg}渊
210	73	-1	73	4535	0	4535	15	0	15	200	0	200	0	0	0	0	0	0	0	0	0	0	1	1	0	《天符》神雷灬天裁g涅
211	73	-1	73	4550	0	4550	15	0	15	200	0	200	0	0	0	0	0	0	0	0	0	0	1	1	0	《天符》血灬鹕瘵g天I
212	73	-1	73	4565	0	4565	15	0	15	200	0	200	0	0	0	0	0	0	0	0	0	0	1	1	0	《天符》刀灬神皇g莫邪
213	73	-1	73	4670	0	4670	15	0	15	200	0	200	0	0	0	0	0	0	0	0	0	0	1	1	0	《天符》真`灬九gWx
214	73	-1	73	4595	0	4595	15	0	15	200	0	200	0	0	0	0	0	0	0	0	0	0	1	1	0	《天符》王灬opgKO
215	73	-1	73	4610	0	4610	15	0	15	200	0	200	0	0	0	0	0	0	0	0	0	0	1	1	0	《天符》金z灬[g君王
216	73	-1	73	4625	0	4625	15	0	15	200	0	200	0	0	0	0	0	0	0	0	0	0	1	1	0	《天符》赤心灬巡天g逍遥
217	73	-1	73	4640	0	4640	15	0	15	200	0	200	0	0	0	0	0	0	0	0	0	0	1	1	0	《天符》天刀灬无疆g昊天
218	73	-1	73	4670	0	4670	15	0	15	200	0	200	0	0	0	0	0	0	0	0	0	0	1	1	0	[拳拳灬到肉]莫使g金樽空对月
219	71	-1	-1	2924	0	0	10	0	1	150	0	150	-290	-360	0	0	0	0	0	0	0	0	1	1	0	六※道血メ剑
220	71	-1	-1	2936	0	0	10	0	1	150	0	150	-200	-320	0	0	0	0	0	0	0	0	1	1	0	六※道血メ甲
221	62	-1	62	5150	0	5150	12	0	12	200	0	200	0	0	0	0	0	0	0	0	0	0	1	1	0	六※道血メ盔
222	62	-1	62	5162	0	5162	12	0	12	200	0	200	0	0	0	0	0	0	0	0	0	0	1	1	0	六※道血メ链
223	62	-1	62	5138	0	5138	12	0	12	200	0	200	0	0	0	0	0	0	0	0	0	0	1	1	0	六※道血メ镯
224	62	-1	62	5126	0	5126	12	0	12	200	0	200	0	0	0	0	0	0	0	0	0	0	1	1	0	六※道血メ戒
225	62	-1	62	5186	0	5186	12	0	12	200	0	200	0	0	0	0	0	0	0	0	0	0	1	1	0	六※道血メ带
226	62	-1	62	5174	0	5174	12	0	12	200	0	200	0	0	0	0	0	0	0	0	0	0	1	1	0	六※道血メ靴
227	71	-1	-1	2574	0	0	10	0	1	150	0	150	-215	-280	0	0	0	0	0	0	0	0	1	1	0	悲※回Lメ剑
228	71	-1	-1	2594	0	0	10	0	1	150	0	150	-100	-135	0	0	0	0	0	0	0	0	1	1	0	悲※回Lメ甲
229	62	-1	62	5222	0	5222	12	0	12	200	0	200	0	0	0	0	0	0	0	0	0	0	1	1	0	悲※回Lメ盔
230	62	-1	62	5234	0	5234	12	0	12	200	0	200	0	0	0	0	0	0	0	0	0	0	1	1	0	悲※回Lメ链
231	62	-1	62	5210	0	5210	12	0	12	200	0	200	0	0	0	0	0	0	0	0	0	0	1	1	0	悲※回Lメ镯
232	62	-1	62	5198	0	5198	12	0	12	200	0	200	0	0	0	0	0	0	0	0	0	0	1	1	0	悲※回Lメ戒
233	62	-1	62	5258	0	5258	12	0	12	200	0	200	0	0	0	0	0	0	0	0	0	0	1	1	0	悲※回Lメ带
234	62	-1	62	5246	0	5246	12	0	12	200	0	200	0	0	0	0	0	0	0	0	0	0	1	1	0	悲※回Lメ靴
235	71	-1	-1	2024	0	0	10	0	1	150	0	150	-215	-280	0	0	0	0	0	0	0	0	1	1	0	笑※n生メ斩
236	71	-1	-1	2044	0	0	10	0	1	150	0	150	-100	-135	0	0	0	0	0	0	0	0	1	1	0	笑※n生メ袍
237	62	-1	62	5294	0	5294	12	0	12	200	0	200	0	0	0	0	0	0	0	0	0	0	1	1	0	笑※n生メ盔
238	62	-1	62	5306	0	5306	12	0	12	200	0	200	0	0	0	0	0	0	0	0	0	0	1	1	0	笑※n生メ链
239	62	-1	62	5282	0	5282	12	0	12	200	0	200	0	0	0	0	0	0	0	0	0	0	1	1	0	笑※n生メ镯
240	62	-1	62	5270	0	5270	12	0	12	200	0	200	0	0	0	0	0	0	0	0	0	0	1	1	0	笑※n生メ戒
241	62	-1	62	5330	0	5330	12	0	12	200	0	200	0	0	0	0	0	0	0	0	0	0	1	1	0	笑※n生メ带
242	62	-1	62	5318	0	5318	12	0	12	200	0	200	0	0	0	0	0	0	0	0	0	0	1	1	0	笑※n生メ靴
243	71	-1	-1	2074	0	0	12	0	1	150	0	150	-215	-280	0	0	0	0	0	0	0	0	1	1	0	※破狼メ斩
244	71	-1	-1	2094	0	0	10	0	1	150	0	150	-100	-135	0	0	0	0	0	0	0	0	1	1	0	※破狼メ袍
245	62	-1	62	5366	0	5366	12	0	12	200	0	200	0	0	0	0	0	0	0	0	0	0	1	1	0	※破狼メ盔
246	62	-1	62	5378	0	5378	12	0	12	200	0	200	0	0	0	0	0	0	0	0	0	0	1	1	0	※破狼メ链
247	62	-1	62	5354	0	5354	12	0	12	200	0	200	0	0	0	0	0	0	0	0	0	0	1	1	0	※破狼メ镯
248	62	-1	62	5342	0	5342	12	0	12	200	0	200	0	0	0	0	0	0	0	0	0	0	1	1	0	※破狼メ戒
249	62	-1	62	5402	0	5402	12	0	12	200	0	200	0	0	0	0	0	0	0	0	0	0	1	1	0	※破狼メ带
250	62	-1	62	5390	0	5390	12	0	12	200	0	200	0	0	0	0	0	0	0	0	0	0	1	1	0	※破狼メ靴
251	71	-1	-1	2324	0	0	15	0	1	150	0	150	-215	-280	0	0	0	0	0	0	0	0	1	1	0	凤舞※天翔づ斩
252	71	-1	-1	2344	0	0	15	0	1	150	0	150	-100	-135	0	0	0	0	0	0	0	0	1	1	0	凤舞※天翔づ袍
253	62	-1	62	5438	0	5438	12	0	12	200	0	200	0	0	0	0	0	0	0	0	0	0	1	1	0	凤舞※天翔づ盔
254	62	-1	62	5450	0	5450	12	0	12	200	0	200	0	0	0	0	0	0	0	0	0	0	1	1	0	凤舞※天翔づ链
255	62	-1	62	5426	0	5426	12	0	12	200	0	200	0	0	0	0	0	0	0	0	0	0	1	1	0	凤舞※天翔づ镯
256	62	-1	62	5414	0	5414	12	0	12	200	0	200	0	0	0	0	0	0	0	0	0	0	1	1	0	凤舞※天翔づ戒
257	62	-1	62	5474	0	5474	12	0	12	200	0	200	0	0	0	0	0	0	0	0	0	0	1	1	0	凤舞※天翔づ带
258	62	-1	62	5462	0	5462	12	0	12	200	0	200	0	0	0	0	0	0	0	0	0	0	1	1	0	凤舞※天翔づ靴
259	71	-1	-1	2374	0	0	15	0	1	150	0	150	-215	-280	0	0	0	0	0	0	0	0	1	1	0	含光※弄影づ斩
260	71	-1	-1	2394	0	0	15	0	1	150	0	150	-100	-135	0	0	0	0	0	0	0	0	1	1	0	含光※弄影づ袍
261	62	-1	62	5510	0	5510	12	0	12	200	0	200	0	0	0	0	0	0	0	0	0	0	1	1	0	含光※弄影づ盔
262	62	-1	62	5522	0	5522	12	0	12	200	0	200	0	0	0	0	0	0	0	0	0	0	1	1	0	含光※弄影づ链
263	62	-1	62	5498	0	5498	12	0	12	200	0	200	0	0	0	0	0	0	0	0	0	0	1	1	0	含光※弄影づ镯
264	62	-1	62	5486	0	5486	12	0	12	200	0	200	0	0	0	0	0	0	0	0	0	0	1	1	0	含光※弄影づ戒
265	62	-1	62	5498	0	5498	12	0	12	200	0	200	0	0	0	0	0	0	0	0	0	0	1	1	0	含光※弄影づ腕
266	62	-1	62	5486	0	5486	12	0	12	200	0	200	0	0	0	0	0	0	0	0	0	0	1	1	0	含光※弄影づ指
267	62	-1	62	5546	0	5546	12	0	12	200	0	200	0	0	0	0	0	0	0	0	0	0	1	1	0	含光※弄影づ带
268	62	-1	62	5534	0	5534	12	0	12	200	0	200	0	0	0	0	0	0	0	0	0	0	1	1	0	含光※弄影づ靴
269	71	-1	-1	2424	0	0	15	0	1	150	0	150	-215	-280	0	0	0	0	0	0	0	0	1	1	0	降※伏虎づ斩
270	71	-1	-1	2444	0	0	15	0	1	150	0	150	-95	-175	0	0	0	0	0	0	0	0	1	1	0	降※伏虎づ袍
271	62	-1	62	5654	0	5654	12	0	12	200	0	200	0	0	0	0	0	0	0	0	0	0	1	1	0	降※伏虎づ盔
272	62	-1	62	5666	0	5666	12	0	12	200	0	200	0	0	0	0	0	0	0	0	0	0	1	1	0	降※伏虎づ链
273	62	-1	62	5642	0	5642	12	0	12	200	0	200	0	0	0	0	0	0	0	0	0	0	1	1	0	降※伏虎づ镯
274	62	-1	62	5630	0	5630	12	0	12	200	0	200	0	0	0	0	0	0	0	0	0	0	1	1	0	降※伏虎づ戒
275	62	-1	62	5642	0	5642	12	0	12	200	0	200	0	0	0	0	0	0	0	0	0	0	1	1	0	降※伏虎づ腕
276	62	-1	62	5630	0	5630	12	0	12	200	0	200	0	0	0	0	0	0	0	0	0	0	1	1	0	降※伏虎づ指
277	62	-1	62	5690	0	5690	12	0	12	200	0	200	0	0	0	0	0	0	0	0	0	0	1	1	0	降※伏虎づ带
278	62	-1	62	5678	0	5678	12	0	12	200	0	200	0	0	0	0	0	0	0	0	0	0	1	1	0	降※伏虎づ靴
279	71	-1	-1	2474	0	0	15	0	1	150	0	150	-215	-280	0	0	0	0	0	0	0	0	1	1	0	v※霸天づ斩
280	71	-1	-1	2494	0	0	15	0	1	150	0	150	-100	-135	0	0	0	0	0	0	0	0	1	1	0	v※霸天づ袍
281	62	-1	62	5798	0	5798	12	0	12	200	0	200	0	0	0	0	0	0	0	0	0	0	1	1	0	v※霸天づ盔
282	62	-1	62	5810	0	5810	12	0	12	200	0	200	0	0	0	0	0	0	0	0	0	0	1	1	0	v※霸天づ链
283	62	-1	62	5786	0	5786	12	0	12	200	0	200	0	0	0	0	0	0	0	0	0	0	1	1	0	v※霸天づ镯
284	62	-1	62	5774	0	5774	12	0	12	200	0	200	0	0	0	0	0	0	0	0	0	0	1	1	0	v※霸天づ戒
285	62	-1	62	5786	0	5786	12	0	12	200	0	200	0	0	0	0	0	0	0	0	0	0	1	1	0	v※霸天づ腕
286	62	-1	62	5774	0	5774	12	0	12	200	0	200	0	0	0	0	0	0	0	0	0	0	1	1	0	v※霸天づ指
287	62	-1	62	5834	0	5834	12	0	12	200	0	200	0	0	0	0	0	0	0	0	0	0	1	1	0	v※霸天づ带
288	62	-1	62	5822	0	5822	12	0	12	200	0	200	0	0	0	0	0	0	0	0	0	0	1	1	0	v※霸天づ靴
289	71	-1	-1	2674	0	0	15	0	1	150	0	150	-228	-280	0	0	0	0	0	0	0	0	1	1	0	不朽※之伽耪
290	71	-1	-1	2694	0	0	15	0	1	150	0	150	-95	-165	0	0	0	0	0	0	0	0	1	1	0	不朽※之伽排
291	62	-1	62	5870	0	5870	12	0	12	200	0	200	0	0	0	0	0	0	0	0	0	0	1	1	0	不朽※之伽趴
292	62	-1	62	5882	0	5882	12	0	12	200	0	200	0	0	0	0	0	0	0	0	0	0	1	1	0	不朽※之伽帕
293	62	-1	62	1454	0	1454	12	0	12	200	0	200	2	-3	0	0	2	-3	0	0	0	0	1	1	0	不朽※之伽棚
294	62	-1	62	5846	0	5846	12	0	12	200	0	200	0	0	0	0	0	0	0	0	0	0	1	1	0	不朽※之伽沤
295	62	-1	62	1454	0	1454	12	0	12	200	0	200	2	-3	0	0	2	-3	0	0	0	0	1	1	0	不朽※之伽磐
296	62	-1	62	5846	0	5846	12	0	12	200	0	200	0	0	0	0	0	0	0	0	0	0	1	1	0	不朽※之伽胖
297	62	-1	62	5906	0	5906	12	0	12	200	0	200	0	0	0	0	0	0	0	0	0	0	1	1	0	不朽※之伽糯
298	62	-1	62	5894	0	5894	12	0	12	200	0	200	0	0	0	0	0	0	0	0	0	0	1	1	0	不朽※之伽叛
299	71	-1	-1	2724	0	0	15	0	1	150	0	150	-208	-280	0	0	0	0	0	0	0	0	1	1	0	冷月※葬花づ斩
300	71	-1	-1	3098	0	0	15	0	1	150	0	150	-105	-135	0	0	0	0	0	0	0	0	1	1	0	冷月※葬花づ袍
301	62	-1	62	360	0	360	12	0	12	200	0	200	0	0	0	0	0	0	0	0	0	0	1	1	0	冷月※葬花づ盔
302	62	-1	62	372	0	372	12	0	12	200	0	200	0	0	0	0	0	0	0	0	0	0	1	1	0	冷月※葬花づ链
303	62	-1	62	384	0	1454	12	0	12	200	0	200	0	0	0	0	2	-3	0	0	0	0	1	1	0	冷月※葬花づ镯
304	62	-1	62	396	0	396	12	0	12	200	0	200	0	0	0	0	0	0	0	0	0	0	1	1	0	冷月※葬花づ戒
305	62	-1	62	384	0	1454	12	0	12	200	0	200	0	0	0	0	2	-3	0	0	0	0	1	1	0	冷月※葬花づ腕
306	62	-1	62	396	0	396	12	0	12	200	0	200	0	0	0	0	0	0	0	0	0	0	1	1	0	冷月※葬花づ指
307	62	-1	62	408	0	408	12	0	12	200	0	200	0	0	0	0	0	0	0	0	0	0	1	1	0	冷月※葬花づ带
308	62	-1	62	420	0	420	12	0	12	200	0	200	0	0	0	0	0	0	0	0	0	0	1	1	0	冷月※葬花づ靴
309	71	-1	-1	2774	0	0	15	0	1	150	0	150	-218	-280	0	0	0	0	0	0	0	0	1	1	0	赤明※九天づ斩
310	71	-1	-1	2794	0	0	20	0	1	150	0	150	-100	-135	0	0	0	0	0	0	0	0	1	1	0	赤明※九天づ袍
311	62	-1	62	288	0	288	12	0	12	200	0	200	0	0	0	0	0	0	0	0	0	0	1	1	0	赤明※九天づ盔
312	62	-1	62	300	0	300	12	0	12	200	0	200	0	0	0	0	0	0	0	0	0	0	1	1	0	赤明※九天づ链
313	62	-1	62	312	0	312	12	0	12	200	0	200	0	0	0	0	0	0	0	0	0	0	1	1	0	赤明※九天づ镯
314	62	-1	62	324	0	324	12	0	12	200	0	200	0	0	0	0	0	0	0	0	0	0	1	1	0	赤明※九天づ戒
315	62	-1	62	312	0	312	12	0	12	200	0	200	0	0	0	0	0	0	0	0	0	0	1	1	0	赤明※九天づ腕
316	62	-1	62	324	0	324	12	0	12	200	0	200	0	0	0	0	0	0	0	0	0	0	1	1	0	赤明※九天づ指
317	62	-1	62	336	0	336	12	0	12	200	0	200	0	0	0	0	0	0	0	0	0	0	1	1	0	赤明※九天づ带
318	62	-1	62	348	0	348	12	0	12	200	0	200	0	0	0	0	0	0	0	0	0	0	1	1	0	赤明※九天づ靴
319	71	-1	-1	2274	0	0	10	0	1	150	0	150	-228	-280	0	0	0	0	0	0	0	0	1	1	0	仙Α九歌づ斩
320	71	-1	-1	2294	0	0	30	0	1	150	0	150	-100	-135	0	0	0	0	0	0	0	0	1	1	0	仙Α九歌づ袍
321	62	-1	62	216	0	216	12	0	12	200	0	200	0	0	0	0	0	0	0	0	0	0	1	1	0	仙Α九歌づ盔
322	62	-1	62	228	0	228	12	0	12	200	0	200	0	0	0	0	0	0	0	0	0	0	1	1	0	仙Α九歌づ链
323	62	-1	62	240	0	240	12	0	12	200	0	200	0	0	0	0	0	0	0	0	0	0	1	1	0	仙Α九歌づ镯
324	62	-1	62	252	0	252	12	0	12	200	0	200	0	0	0	0	0	0	0	0	0	0	1	1	0	仙Α九歌づ戒
325	62	-1	62	240	0	240	12	0	12	200	0	200	0	0	0	0	0	0	0	0	0	0	1	1	0	仙Α九歌づ腕
326	62	-1	62	252	0	252	12	0	12	200	0	200	0	0	0	0	0	0	0	0	0	0	1	1	0	仙Α九歌づ指
327	62	-1	62	264	0	264	12	0	12	200	0	200	0	0	0	0	0	0	0	0	0	0	1	1	0	仙Α九歌づ带
328	62	-1	62	276	0	276	12	0	12	200	0	200	0	0	0	0	0	0	0	0	0	0	1	1	0	仙Α九歌づ靴
329	71	-1	-1	3048	0	0	10	0	1	150	0	150	-218	-270	0	0	0	0	0	0	0	0	1	1	0	神_※天照づ斩
330	71	-1	-1	3068	0	0	10	0	1	150	0	150	-100	-135	0	0	0	0	0	0	0	0	1	1	0	神_※天照づ袍
331	62	-1	62	72	0	72	12	0	12	200	0	200	0	0	0	0	0	0	0	0	0	0	1	1	0	神_※天照づ盔
332	62	-1	62	84	0	84	12	0	12	200	0	200	0	0	0	0	0	0	0	0	0	0	1	1	0	神_※天照づ链
333	62	-1	62	96	0	96	12	0	12	200	0	200	0	0	0	0	0	0	0	0	0	0	1	1	0	神_※天照づ镯
334	62	-1	62	108	0	108	12	0	12	200	0	200	0	0	0	0	0	0	0	0	0	0	1	1	0	神_※天照づ指
335	62	-1	62	96	0	96	12	0	12	200	0	200	0	0	0	0	0	0	0	0	0	0	1	1	0	神_※天照づ腕
336	62	-1	62	108	0	108	12	0	12	200	0	200	0	0	0	0	0	0	0	0	0	0	1	1	0	神_※天照づ指
337	62	-1	62	120	0	120	12	0	12	200	0	200	0	0	0	0	0	0	0	0	0	0	1	1	0	神_※天照づ带
338	62	-1	62	132	0	132	12	0	12	200	0	200	0	0	0	0	0	0	0	0	0	0	1	1	0	神_※天照づ靴
339	71	-1	-1	2998	0	0	15	0	1	150	0	150	-218	-270	0	0	0	0	0	0	0	0	1	1	0	紫辰※黎づ斩
340	71	-1	-1	3018	0	0	15	0	1	150	0	150	-100	-135	0	0	0	0	0	0	0	0	1	1	0	紫辰※黎づ袍
341	62	-1	62	0	0	0	12	0	12	200	0	200	0	0	0	0	0	0	0	0	0	0	1	1	0	紫辰※黎づ盔
342	62	-1	62	12	0	12	12	0	12	200	0	200	0	0	0	0	0	0	0	0	0	0	1	1	0	紫辰※黎づ链
343	62	-1	62	24	0	24	12	0	12	200	0	200	0	0	0	0	0	0	0	0	0	0	1	1	0	紫辰※黎づ镯
344	62	-1	62	36	0	36	12	0	12	200	0	200	0	0	0	0	0	0	0	0	0	0	1	1	0	紫辰※黎づ戒
345	62	-1	62	24	0	24	12	0	12	200	0	200	0	0	0	0	0	0	0	0	0	0	1	1	0	紫辰※黎づ腕
346	62	-1	62	36	0	36	12	0	12	200	0	200	0	0	0	0	0	0	0	0	0	0	1	1	0	紫辰※黎づ指
347	62	-1	62	48	0	48	12	0	12	200	0	200	0	0	0	0	0	0	0	0	0	0	1	1	0	紫辰※黎づ带
348	62	-1	62	60	0	60	12	0	12	200	0	200	0	0	0	0	0	0	0	0	0	0	1	1	0	紫辰※黎づ靴
349	71	-1	-1	2948	0	0	15	0	1	150	0	150	-218	-270	0	0	0	0	0	0	0	0	1	1	0	《1.0倍》醉情※F影づ霸者
350	71	-1	-1	2968	0	0	15	0	1	150	0	150	-100	-135	0	0	0	0	0	0	0	0	1	1	0	《1.0倍》醉情※F影づ霸者甲
351	62	-1	62	900	0	900	12	0	12	200	0	200	0	0	0	0	0	0	0	0	0	0	1	1	0	《1.0倍》醉情※F影づ霸者盔
352	62	-1	62	912	0	912	12	0	12	200	0	200	0	0	0	0	0	0	0	0	0	0	1	1	0	《1.0倍》醉情※F影づ霸者链
353	62	-1	62	924	0	924	12	0	12	200	0	200	0	0	0	0	0	0	0	0	0	0	1	1	0	《1.0倍》醉情※F影づ霸者镯
354	62	-1	62	936	0	936	12	0	12	200	0	200	0	0	0	0	0	0	0	0	0	0	1	1	0	《1.0倍》醉情※F影づ霸者戒
355	62	-1	62	924	0	924	12	0	12	200	0	200	0	0	0	0	0	0	0	0	0	0	1	1	0	《1.0倍》醉情※F影づ霸者腕
356	62	-1	62	936	0	936	12	0	12	200	0	200	0	0	0	0	0	0	0	0	0	0	1	1	0	《1.0倍》醉情※F影づ霸者指
357	62	-1	62	948	0	948	12	0	12	200	0	200	0	0	0	0	0	0	0	0	0	0	1	1	0	《1.0倍》醉情※F影づ霸者带
358	62	-1	62	960	0	960	12	0	12	200	0	200	0	0	0	0	0	0	0	0	0	0	1	1	0	《1.0倍》醉情※F影づ霸者靴
359	71	-1	-1	3422	0	0	10	0	1	150	0	150	0	0	0	0	0	0	0	0	0	0	1	1	0	《2.0倍》y月※清歌づP翼
360	71	-1	-1	3432	0	0	10	0	1	150	0	150	0	0	0	0	0	0	0	0	0	0	1	1	0	《2.0倍》y月※清歌づP翼甲
361	62	-1	62	1214	0	1214	12	0	12	200	0	200	0	0	0	0	0	0	0	0	0	0	1	1	0	《2.0倍》y月※清歌づP翼盔
362	62	-1	62	1226	0	1226	12	0	12	200	0	200	0	0	0	0	0	0	0	0	0	0	1	1	0	《2.0倍》y月※清歌づP翼链
363	62	-1	62	1238	0	1238	12	0	12	200	0	200	0	0	0	0	0	0	0	0	0	0	1	1	0	《2.0倍》y月※清歌づP翼镯
364	62	-1	62	1250	0	1250	12	0	12	200	0	200	0	0	0	0	0	0	0	0	0	0	1	1	0	《2.0倍》y月※清歌づP翼戒
365	62	-1	62	1238	0	1238	12	0	12	200	0	200	0	0	0	0	0	0	0	0	0	0	1	1	0	《2.0倍》y月※清歌づP翼腕
366	62	-1	62	1250	0	1250	12	0	12	200	0	200	0	0	0	0	0	0	0	0	0	0	1	1	0	《2.0倍》y月※清歌づP翼指
367	62	-1	62	1262	0	1262	12	0	12	200	0	200	0	0	0	0	0	0	0	0	0	0	1	1	0	《2.0倍》y月※清歌づP翼带
368	62	-1	62	1274	0	1278	12	0	12	200	0	200	0	0	0	0	0	0	0	0	0	0	1	1	0	《2.0倍》y月※清歌づP翼靴
369	71	-1	-1	3442	0	0	10	0	1	150	0	150	0	0	0	0	0	0	0	0	0	0	1	1	0	《3.0倍》末日※审判づT神
370	71	-1	-1	3452	0	0	10	0	1	150	0	150	0	0	0	0	0	0	0	0	0	0	1	1	0	《3.0倍》末日※审判づT神甲
371	62	-1	62	4406	0	4406	12	0	12	200	0	200	5	-5	0	0	5	-5	0	0	0	0	1	1	0	《3.0倍》末日※审判づT神盔
372	62	-1	62	4418	0	4418	12	0	12	200	0	200	5	-5	0	0	5	-5	0	0	0	0	1	1	0	《3.0倍》末日※审判づT神链
373	62	-1	62	4430	0	4430	12	0	12	200	0	200	5	-5	0	0	5	-5	0	0	0	0	1	1	0	《3.0倍》末日※审判づT神镯
374	62	-1	62	4442	0	4442	12	0	12	200	0	200	5	-5	0	0	5	-5	0	0	0	0	1	1	0	《3.0倍》末日※审判づT神戒
375	62	-1	62	4430	0	4430	12	0	12	200	0	200	5	-5	0	0	5	-5	0	0	0	0	1	1	0	《3.0倍》末日※审判づT神腕
376	62	-1	62	4442	0	4442	12	0	12	200	0	200	5	-5	0	0	5	-5	0	0	0	0	1	1	0	《3.0倍》末日※审判づT神指
377	62	-1	62	4454	0	4454	12	0	12	200	0	200	5	-5	0	0	5	-5	0	0	0	0	1	1	0	《3.0倍》末日※审判づT神带
378	62	-1	62	4466	0	4466	12	0	12	200	0	200	5	-5	0	0	5	-5	0	0	0	0	1	1	0	《3.0倍》末日※审判づT神靴
379	71	-1	-1	3462	0	0	10	0	1	150	0	150	-305	-320	0	0	0	0	0	0	0	0	1	1	0	《4.0倍》烈焰※永恒づ赤焰
380	71	-1	-1	3472	0	0	10	0	1	150	0	150	-305	-320	0	0	0	0	0	0	0	0	1	1	0	《4.0倍》烈焰※永恒づ赤焰甲
381	62	-1	62	780	0	780	12	0	12	200	0	200	0	0	0	0	0	0	0	0	0	0	1	1	0	《4.0倍》烈焰※永恒づ赤焰盔
382	62	-1	62	800	0	800	12	0	12	200	0	200	0	0	0	0	0	0	0	0	0	0	1	1	0	《4.0倍》烈焰※永恒づ赤焰链
383	62	-1	62	820	0	820	12	0	12	200	0	200	0	0	0	0	0	0	0	0	0	0	1	1	0	《4.0倍》烈焰※永恒づ赤焰镯
384	62	-1	62	840	0	840	12	0	12	200	0	200	0	0	0	0	0	0	0	0	0	0	1	1	0	《4.0倍》烈焰※永恒づ赤焰戒
385	62	-1	62	820	0	820	12	0	12	200	0	200	0	0	0	0	0	0	0	0	0	0	1	1	0	《4.0倍》烈焰※永恒づ赤焰腕
386	62	-1	62	840	0	840	12	0	12	200	0	200	0	0	0	0	0	0	0	0	0	0	1	1	0	《4.0倍》烈焰※永恒づ赤焰指
387	62	-1	62	860	0	860	12	0	12	200	0	200	0	0	0	0	0	0	0	0	0	0	1	1	0	《4.0倍》烈焰※永恒づ赤焰带
388	62	-1	62	880	0	880	12	0	12	200	0	200	0	0	0	0	0	0	0	0	0	0	1	1	0	《4.0倍》烈焰※永恒づ赤焰靴
389	71	-1	-1	3482	0	0	10	0	1	200	0	200	-305	-320	0	0	0	0	0	0	0	0	1	0	0	《5.0倍》碧血※清歌づ寒星
390	71	-1	-1	3492	0	0	10	0	1	200	0	200	-305	-320	0	0	0	0	0	0	0	0	1	0	0	《5.0倍》碧血※清歌づ寒星甲
391	62	-1	62	4178	0	4178	10	0	10	200	0	200	0	0	0	0	0	0	0	0	0	0	1	1	0	《5.0倍》碧血※清歌づ寒星盔
392	62	-1	62	4190	0	4190	10	0	10	200	0	200	0	0	0	0	0	0	0	0	0	0	1	1	0	《5.0倍》碧血※清歌づ寒星链
393	62	-1	62	4202	0	4202	10	0	10	200	0	200	0	0	0	0	0	0	0	0	0	0	1	1	0	《5.0倍》碧血※清歌づ寒星镯
394	62	-1	62	4214	0	4214	10	0	10	200	0	200	0	0	0	0	0	0	0	0	0	0	1	1	0	《5.0倍》碧血※清歌づ寒星戒
395	62	-1	62	4202	0	4202	10	0	10	200	0	200	0	0	0	0	0	0	0	0	0	0	1	1	0	《5.0倍》碧血※清歌づ寒星腕
396	62	-1	62	4214	0	4214	10	0	10	200	0	200	0	0	0	0	0	0	0	0	0	0	1	1	0	《5.0倍》碧血※清歌づ寒星指
397	62	-1	62	4226	0	4226	10	0	10	200	0	200	0	0	0	0	0	0	0	0	0	0	1	1	0	《5.0倍》碧血※清歌づ寒星带
398	62	-1	62	4238	0	4238	10	0	10	200	0	200	0	0	0	0	0	0	0	0	0	0	1	1	0	《5.0倍》碧血※清歌づ寒星靴
399	71	-1	-1	3502	0	0	10	0	1	200	0	200	0	0	0	0	0	0	0	0	0	0	1	0	0	《6.0倍》问鼎※D天づ守o
400	71	-1	-1	3512	0	0	10	0	1	200	0	200	0	0	0	0	0	0	0	0	0	0	1	0	0	《6.0倍》问鼎※D天づ守o甲
401	62	-1	62	2834	0	2834	10	0	10	200	0	200	0	0	0	0	0	0	0	0	0	0	1	1	0	《6.0倍》问鼎※D天づ守o盔
402	62	-1	62	2846	0	2846	10	0	10	200	0	200	0	0	0	0	0	0	0	0	0	0	1	1	0	《6.0倍》问鼎※D天づ守o链
403	62	-1	62	2858	0	2858	10	0	10	200	0	200	0	0	0	0	0	0	0	0	0	0	1	1	0	《6.0倍》问鼎※D天づ守o镯
404	62	-1	62	2822	0	2822	10	0	10	200	0	200	0	0	0	0	0	0	0	0	0	0	1	1	0	《6.0倍》问鼎※D天づ守o戒
405	62	-1	62	2858	0	2858	10	0	10	200	0	200	0	0	0	0	0	0	0	0	0	0	1	1	0	《6.0倍》问鼎※D天づ守o腕
406	62	-1	62	2822	0	2822	10	0	10	200	0	200	0	0	0	0	0	0	0	0	0	0	1	1	0	《6.0倍》问鼎※D天づ守o指
407	62	-1	62	2870	0	2870	10	0	10	200	0	200	0	0	0	0	0	0	0	0	0	0	1	1	0	《6.0倍》问鼎※D天づ守o带
408	62	-1	62	2882	0	2882	10	0	10	200	0	200	0	0	0	0	0	0	0	0	0	0	1	1	0	《6.0倍》问鼎※D天づ守o靴
409	71	-1	-1	3522	0	0	10	0	1	200	0	200	0	0	0	0	0	0	0	0	0	0	1	0	0	《7.0倍》暗噬※o痕づI域
410	71	-1	-1	3532	0	0	10	0	1	200	0	200	0	0	0	0	0	0	0	0	0	0	1	0	0	《7.0倍》暗噬※o痕づI域甲
411	62	-1	62	4034	0	4034	12	0	12	200	0	200	0	0	0	0	0	0	0	0	0	0	1	1	0	《7.0倍》暗噬※o痕づI域盔
412	62	-1	62	4046	0	4046	12	0	12	200	0	200	0	0	0	0	0	0	0	0	0	0	1	1	0	《7.0倍》暗噬※o痕づI域链
413	62	-1	62	4058	0	4058	8	0	8	200	0	200	0	0	0	0	0	0	0	0	0	0	1	1	0	《7.0倍》暗噬※o痕づI域腕
414	62	-1	62	4070	0	4070	12	0	12	200	0	200	0	0	0	0	0	0	0	0	0	0	1	1	0	《7.0倍》暗噬※o痕づI域戒
415	62	-1	62	4058	0	4058	8	0	8	200	0	200	0	0	0	0	0	0	0	0	0	0	1	1	0	《7.0倍》暗噬※o痕づI域腕
416	62	-1	62	4070	0	4070	12	0	12	200	0	200	0	0	0	0	0	0	0	0	0	0	1	1	0	《7.0倍》暗噬※o痕づI域指
417	62	-1	62	4082	0	4082	12	0	12	200	0	200	0	0	0	0	0	0	0	0	0	0	1	1	0	《7.0倍》暗噬※o痕づI域带
418	62	-1	62	4094	0	4094	12	0	12	200	0	200	0	0	0	0	0	0	0	0	0	0	1	1	0	《7.0倍》暗噬※o痕づI域靴
419	71	-1	-1	3542	0	0	10	0	1	200	0	200	0	0	0	0	0	0	0	0	0	0	1	0	0	《8.0倍》七※玲づ幻
420	71	-1	-1	3552	0	0	10	0	1	200	0	200	0	0	0	0	0	0	0	0	0	0	1	0	0	《8.0倍》七※玲づ幻艏
421	62	-1	62	3386	0	3386	10	0	10	200	0	200	5	-5	0	0	5	-5	0	0	0	0	1	1	0	《8.0倍》七※玲づ幻艨
422	62	-1	62	3398	0	3398	10	0	10	200	0	200	5	-5	0	0	5	-5	0	0	0	0	1	1	0	《8.0倍》七※玲づ幻袅
423	62	-1	62	3410	0	3410	10	0	10	200	0	200	5	-5	0	0	5	-5	0	0	0	0	1	1	0	《8.0倍》七※玲づ幻麸
424	62	-1	62	3422	0	3422	10	0	10	200	0	200	5	-5	0	0	5	-5	0	0	0	0	1	1	0	《8.0倍》七※玲づ幻艚
425	62	-1	62	3410	0	3410	10	0	10	200	0	200	5	-5	0	0	5	-5	0	0	0	0	1	1	0	《8.0倍》七※玲づ幻敉
426	62	-1	62	3422	0	3422	10	0	10	200	0	200	5	-5	0	0	5	-5	0	0	0	0	1	1	0	《8.0倍》七※玲づ幻糁
427	62	-1	62	3434	0	3434	11	0	11	200	0	200	5	-5	0	0	5	-5	0	0	0	0	1	1	0	《8.0倍》七※玲づ幻舸
428	62	-1	62	3446	0	3446	11	0	11	200	0	200	5	-5	0	0	5	-5	0	0	0	0	1	1	0	《8.0倍》七※玲づ幻粞
429	71	-1	-1	3562	0	0	10	0	1	200	0	200	0	0	0	0	0	0	0	0	0	0	1	0	0	《10.0倍》玄冥※慑天づ景霄
430	71	-1	-1	3572	0	0	10	0	1	200	0	200	0	0	0	0	0	0	0	0	0	0	1	0	0	《10.0倍》玄冥※慑天づ景霄甲
431	62	-1	62	3818	0	3818	15	0	15	200	0	200	5	-5	0	0	5	-5	0	0	0	0	1	1	0	《10.0倍》玄冥※慑天づ景霄盔
432	62	-1	62	3836	0	3836	11	0	11	200	0	200	5	-5	0	0	5	-5	0	0	0	0	1	1	0	《10.0倍》玄冥※慑天づ景霄链
433	62	-1	62	3872	0	3872	15	0	15	200	0	200	5	-5	0	0	5	-5	0	0	0	0	1	1	0	《10.0倍》玄冥※慑天づ景霄镯
434	62	-1	62	3854	0	3854	15	0	15	200	0	200	5	-5	0	0	5	-5	0	0	0	0	1	1	0	《10.0倍》玄冥※慑天づ景霄戒
435	62	-1	62	3872	0	3872	15	0	15	200	0	200	5	-5	0	0	5	-5	0	0	0	0	1	1	0	《10.0倍》玄冥※慑天づ景霄腕
436	62	-1	62	3854	0	3854	15	0	15	200	0	200	5	-5	0	0	5	-5	0	0	0	0	1	1	0	《10.0倍》玄冥※慑天づ景霄指
437	62	-1	62	3890	0	3890	15	0	15	200	0	200	5	-5	0	0	5	-5	0	0	0	0	1	1	0	《10.0倍》玄冥※慑天づ景霄带
438	62	-1	62	3908	0	3908	15	0	15	200	0	200	5	-5	0	0	5	-5	0	0	0	0	1	1	0	《10.0倍》玄冥※慑天づ景霄靴
439	71	-1	-1	3582	0	0	10	0	1	200	0	200	0	0	0	0	0	0	0	0	0	0	1	0	0	《12.0倍》日月※乾坤づ莽荒
440	71	-1	-1	3592	0	0	10	0	1	200	0	200	0	0	0	0	0	0	0	0	0	0	1	0	0	《12.0倍》日月※乾坤づ莽荒甲
441	62	-1	62	2018	0	2018	11	0	11	200	0	200	0	0	0	0	0	0	0	0	0	0	1	1	0	《12.0倍》日月※乾坤づ莽荒盔
442	62	-1	62	2030	0	2030	11	0	11	200	0	200	0	0	0	0	0	0	0	0	0	0	1	1	0	《12.0倍》日月※乾坤づ莽荒链
443	62	-1	62	2042	0	2042	11	0	11	200	0	200	0	0	0	0	0	0	0	0	0	0	1	1	0	《12.0倍》日月※乾坤づ莽荒镯
444	62	-1	62	2054	0	2054	11	0	11	200	0	200	0	0	0	0	0	0	0	0	0	0	1	1	0	《12.0倍》日月※乾坤づ莽荒戒
445	62	-1	62	2042	0	2042	11	0	11	200	0	200	0	0	0	0	0	0	0	0	0	0	1	1	0	《12.0倍》日月※乾坤づ莽荒腕
446	62	-1	62	2054	0	2054	11	0	11	200	0	200	0	0	0	0	0	0	0	0	0	0	1	1	0	《12.0倍》日月※乾坤づ莽荒指
447	62	-1	62	2078	0	2078	11	0	11	200	0	200	0	0	0	0	0	0	0	0	0	0	1	1	0	《12.0倍》日月※乾坤づ莽荒带
448	62	-1	62	2066	0	2066	11	0	11	200	0	200	0	0	0	0	0	0	0	0	0	0	1	1	0	《12.0倍》日月※乾坤づ莽荒靴
449	71	-1	-1	3602	0	0	10	0	1	200	0	200	0	0	0	0	0	0	0	0	0	0	1	0	0	《15.0倍》九耀※R雷づ深{
450	71	-1	-1	3612	0	0	10	0	1	200	0	200	0	0	0	0	0	0	0	0	0	0	1	0	0	《15.0倍》九耀※R雷づ深{甲
451	62	-1	62	2090	0	2090	12	0	12	200	0	200	-5	0	0	0	-5	0	0	0	0	0	1	1	0	《15.0倍》九耀※R雷づ深{盔
452	62	-1	62	2102	0	2102	12	0	12	200	0	200	-5	0	0	0	-5	0	0	0	0	0	1	1	0	《15.0倍》九耀※R雷づ深{链
453	62	-1	62	2114	0	2114	11	0	11	200	0	200	-5	0	0	0	-5	0	0	0	0	0	1	1	0	《15.0倍》九耀※R雷づ深{镯
454	62	-1	62	2126	0	2126	11	0	11	200	0	200	-5	0	0	0	-5	0	0	0	0	0	1	1	0	《15.0倍》九耀※R雷づ深{戒
455	62	-1	62	2114	0	2114	11	0	11	200	0	200	-5	0	0	0	-5	0	0	0	0	0	1	1	0	《15.0倍》九耀※R雷づ深{镯
456	62	-1	62	2126	0	2126	11	0	11	200	0	200	-5	0	0	0	-5	0	0	0	0	0	1	1	0	《15.0倍》九耀※R雷づ深{指
457	62	-1	62	2138	0	2138	11	0	11	200	0	200	-5	0	0	0	-5	0	0	0	0	0	1	1	0	《15.0倍》九耀※R雷づ深{带
458	62	-1	62	2150	0	2150	11	0	11	200	0	200	-5	0	0	0	-5	0	0	0	0	0	1	1	0	《15.0倍》九耀※R雷づ深{靴
459	73	-1	-1	2897	0	0	15	0	1	200	0	200	-240	-450	0	0	0	0	0	0	0	0	1	0	0	《18.0倍》金麟※回づ天琊
460	73	-1	-1	2882	0	0	15	0	1	200	0	200	-80	-130	0	0	0	0	0	0	0	0	1	0	0	《18.0倍》金麟※回づ天琊甲
461	62	-1	62	4106	0	4106	12	0	12	200	0	200	1	-3	0	0	1	-3	0	0	0	0	1	1	0	《18.0倍》金麟※回づ天琊盔
462	62	-1	62	4118	0	4118	12	0	12	200	0	200	1	-3	0	0	1	-3	0	0	0	0	1	1	0	《18.0倍》金麟※回づ天琊链
463	62	-1	62	4130	0	4130	12	0	12	200	0	200	1	-3	0	0	1	-3	0	0	0	0	1	1	0	《18.0倍》金麟※回づ天琊镯
464	62	-1	62	4142	0	4142	12	0	12	200	0	200	1	-3	0	0	1	-3	0	0	0	0	1	1	0	《18.0倍》金麟※回づ天琊戒
465	62	-1	62	4130	0	4130	12	0	12	200	0	200	1	-3	0	0	1	-3	0	0	0	0	1	1	0	《18.0倍》金麟※回づ天琊腕
466	62	-1	62	4142	0	4142	12	0	12	200	0	200	1	-3	0	0	1	-3	0	0	0	0	1	1	0	《18.0倍》金麟※回づ天琊指
467	62	-1	62	4154	0	4154	12	0	12	200	0	200	1	-3	0	0	1	-3	0	0	0	0	1	1	0	《18.0倍》金麟※回づ天琊带
468	62	-1	62	4166	0	4166	12	0	12	200	0	200	1	-3	0	0	1	-3	0	0	0	0	1	1	0	《18.0倍》金麟※回づ天琊靴
469	73	-1	-1	2927	0	0	15	0	1	200	0	200	-220	-400	0	0	0	0	0	0	0	0	1	0	0	《22.0倍》幻纭天使づ审判
470	73	-1	-1	2912	0	0	15	0	1	200	0	200	-80	-130	0	0	0	0	0	0	0	0	1	0	0	《22.0倍》幻纭天使づ审判甲
471	62	-1	62	1370	0	1370	12	0	12	200	0	200	2	-3	0	0	2	-3	0	0	0	0	1	1	0	《22.0倍》幻纭天使づ审判盔
472	62	-1	62	1382	0	1382	12	0	12	200	0	200	2	-3	0	0	2	-3	0	0	0	0	1	1	0	《22.0倍》幻纭天使づ审判链
473	62	-1	62	1358	0	1358	12	0	12	200	0	200	2	-3	0	0	2	-3	0	0	0	0	1	1	0	《22.0倍》幻纭天使づ审判镯
474	62	-1	62	1394	0	1394	12	0	12	200	0	200	2	-3	0	0	2	-3	0	0	0	0	1	1	0	《22.0倍》幻纭天使づ审判戒
475	62	-1	62	1358	0	1358	12	0	12	200	0	200	2	-3	0	0	2	-3	0	0	0	0	1	1	0	《22.0倍》幻纭天使づ审判腕
476	62	-1	62	1394	0	1394	12	0	12	200	0	200	2	-3	0	0	2	-3	0	0	0	0	1	1	0	《22.0倍》幻纭天使づ审判指
477	62	-1	62	1406	0	1406	12	0	12	200	0	200	2	-3	0	0	2	-3	0	0	0	0	1	1	0	《22.0倍》幻纭天使づ审判带
478	62	-1	62	1418	0	1418	12	0	12	200	0	200	2	-3	0	0	2	-3	0	0	0	0	1	1	0	《22.0倍》幻纭天使づ审判靴
479	73	-1	-1	2957	0	0	15	0	1	200	0	200	-450	-430	0	0	0	0	0	0	0	0	1	0	0	《25.0倍》冰霜※星魔づ衾
480	73	-1	-1	2942	0	0	15	0	1	200	0	200	-85	-160	0	0	0	0	0	0	0	0	1	0	0	《25.0倍》冰霜※星魔づ衾饧
481	62	-1	62	1430	0	1430	12	0	12	200	0	200	2	-3	0	0	2	-3	0	0	0	0	1	1	0	《25.0倍》冰霜※星魔づ衾饪
482	62	-1	62	1442	0	1442	12	0	12	200	0	200	2	-3	0	0	2	-3	0	0	0	0	1	1	0	《25.0倍》冰霜※星魔づ衾饬
483	62	-1	62	1454	0	1454	12	0	12	200	0	200	2	-3	0	0	2	-3	0	0	0	0	1	1	0	《25.0倍》冰霜※星魔づ衾怙
484	62	-1	62	1466	0	1466	12	0	12	200	0	200	2	-3	0	0	2	-3	0	0	0	0	1	1	0	《25.0倍》冰霜※星魔づ衾饨
485	62	-1	62	1454	0	1454	12	0	12	200	0	200	2	-3	0	0	2	-3	0	0	0	0	1	1	0	《25.0倍》冰霜※星魔づ衾馔
486	62	-1	62	1466	0	1466	12	0	12	200	0	200	2	-3	0	0	2	-3	0	0	0	0	1	1	0	《25.0倍》冰霜※星魔づ衾庵
487	62	-1	62	1478	0	1478	12	0	12	200	0	200	2	-3	0	0	2	-3	0	0	0	0	1	1	0	《25.0倍》冰霜※星魔づ衾獯
488	62	-1	62	1490	0	1490	12	0	12	200	0	200	2	-3	0	0	2	-3	0	0	0	0	1	1	0	《25.0倍》冰霜※星魔づ衾庋
489	73	-1	-1	2972	0	0	12	0	1	200	0	200	-300	-480	0	0	0	0	0	0	0	0	1	0	0	《28.0倍》`※毓秀づ紫
490	73	-1	-1	2987	0	0	15	0	1	200	0	200	-300	-480	0	0	0	0	0	0	0	0	1	0	0	《28.0倍》`※毓秀づ紫甲
491	62	-1	62	540	0	540	18	0	18	200	0	200	3	-10	0	0	3	-10	0	0	0	0	1	1	0	《28.0倍》`※毓秀づ紫盔
492	62	-1	62	560	0	560	18	0	18	200	0	200	3	-10	0	0	3	-10	0	0	0	0	1	1	0	《28.0倍》`※毓秀づ紫链
493	62	-1	62	580	0	580	16	0	16	200	0	200	3	-10	0	0	3	-10	0	0	0	0	1	1	0	《28.0倍》`※毓秀づ紫镯
494	62	-1	62	600	0	600	18	0	18	200	0	200	3	-10	0	0	3	-10	0	0	0	0	1	1	0	《28.0倍》`※毓秀づ紫戒
495	62	-1	62	580	0	580	16	0	16	200	0	200	3	-10	0	0	3	-10	0	0	0	0	1	1	0	《28.0倍》`※毓秀づ紫腕
496	62	-1	62	600	0	600	18	0	18	200	0	200	3	-10	0	0	3	-10	0	0	0	0	1	1	0	《28.0倍》`※毓秀づ紫指
497	62	-1	62	620	0	620	18	0	18	200	0	200	3	-10	0	0	3	-10	0	0	0	0	1	1	0	《28.0倍》`※毓秀づ紫带
498	62	-1	62	640	0	640	18	0	18	200	0	200	3	-10	0	0	3	-10	0	0	0	0	1	1	0	《28.0倍》`※毓秀づ紫靴
499	73	-1	-1	3002	0	0	12	0	1	200	0	200	-300	-480	0	0	0	0	0	0	0	0	1	0	0	《32.0倍》雷Q※x火づ帝炎
500	73	-1	-1	3017	0	0	12	0	1	200	0	200	-300	-480	0	0	0	0	0	0	0	0	1	0	0	《32.0倍》雷Q※x火づ帝炎甲
501	62	-1	62	1502	0	1502	12	0	12	200	0	200	3	-5	0	0	3	-5	0	0	0	0	1	1	0	《32.0倍》雷Q※x火づ帝炎盔
502	62	-1	62	1514	0	1514	12	0	12	200	0	200	3	-5	0	0	3	-5	0	0	0	0	1	1	0	《32.0倍》雷Q※x火づ帝炎链
503	62	-1	62	1526	0	1526	12	0	12	200	0	200	3	-5	0	0	3	-5	0	0	0	0	1	1	0	《32.0倍》雷Q※x火づ帝炎镯
504	62	-1	62	1538	0	1538	12	0	12	200	0	200	3	-5	0	0	3	-5	0	0	0	0	1	1	0	《32.0倍》雷Q※x火づ帝炎戒
505	62	-1	62	1526	0	1526	12	0	12	200	0	200	3	-5	0	0	3	-5	0	0	0	0	1	1	0	《32.0倍》雷Q※x火づ帝炎腕
506	62	-1	62	1538	0	1538	12	0	12	200	0	200	3	-5	0	0	3	-5	0	0	0	0	1	1	0	《32.0倍》雷Q※x火づ帝炎指
507	62	-1	62	1550	0	1550	12	0	12	200	0	200	3	-5	0	0	3	-5	0	0	0	0	1	1	0	《32.0倍》雷Q※x火づ帝炎带
508	62	-1	62	1562	0	1562	12	0	12	200	0	200	3	-5	0	0	3	-5	0	0	0	0	1	1	0	《32.0倍》雷Q※x火づ帝炎靴
509	73	-1	-1	3047	0	0	12	0	1	200	0	200	-295	-460	0	0	0	0	0	0	0	0	1	0	0	《36.0倍》天星※耀づ霸^
510	73	-1	-1	3032	0	0	12	0	1	200	0	200	-295	-450	0	0	0	0	0	0	0	0	1	0	0	《36.0倍》天星※耀づ霸^甲
511	62	-1	62	1044	0	1044	12	0	12	200	0	200	3	0	0	0	3	0	0	0	0	0	1	1	0	《36.0倍》天星※耀づ霸^盔
512	62	-1	62	1056	0	1056	12	0	12	200	0	200	3	0	0	0	3	0	0	0	0	0	1	1	0	《36.0倍》天星※耀づ霸^链
513	62	-1	62	1068	0	1068	12	0	12	200	0	200	3	0	0	0	3	0	0	0	0	0	1	1	0	《36.0倍》天星※耀づ霸^镯
514	62	-1	62	1080	0	1080	11	0	11	200	0	200	3	0	0	0	3	0	0	0	0	0	1	1	0	《36.0倍》天星※耀づ霸^戒
515	62	-1	62	1068	0	1068	12	0	12	200	0	200	3	0	0	0	3	0	0	0	0	0	1	1	0	《36.0倍》天星※耀づ霸^腕
516	62	-1	62	1080	0	1080	11	0	11	200	0	200	3	0	0	0	3	0	0	0	0	0	1	1	0	《36.0倍》天星※耀づ霸^指
517	62	-1	62	1092	0	1092	12	0	12	200	0	200	3	0	0	0	3	0	0	0	0	0	1	1	0	《36.0倍》天星※耀づ霸^带
518	62	-1	62	1104	0	1104	12	0	12	200	0	200	3	0	0	0	3	0	0	0	0	0	1	1	0	《36.0倍》天星※耀づ霸^靴
519	73	-1	-1	3062	0	0	12	0	1	200	0	200	-420	-480	0	0	0	0	0	0	0	0	1	0	0	《40.0倍》神威※亢天づ[
520	73	-1	-1	3077	0	0	12	0	1	200	0	200	-250	-330	0	0	0	0	0	0	0	0	1	0	0	《40.0倍》神威※亢天づ[甲
521	62	-1	62	432	0	432	15	0	15	200	0	200	3	-10	0	0	3	-10	0	0	0	0	1	1	0	《40.0倍》神威※亢天づ[盔
522	62	-1	62	450	0	450	15	0	15	200	0	200	3	-10	0	0	3	-10	0	0	0	0	1	1	0	《40.0倍》神威※亢天づ[链
523	62	-1	62	468	0	468	15	0	15	200	0	200	3	-10	0	0	3	-10	0	0	0	0	1	1	0	《40.0倍》神威※亢天づ[镯
524	62	-1	62	486	0	486	15	0	15	200	0	200	3	-10	0	0	3	-10	0	0	0	0	1	1	0	《40.0倍》神威※亢天づ[戒
525	62	-1	62	468	0	468	15	0	15	200	0	200	3	-10	0	0	3	-10	0	0	0	0	1	1	0	《40.0倍》神威※亢天づ[腕
526	62	-1	62	486	0	486	15	0	15	200	0	200	3	-10	0	0	3	-10	0	0	0	0	1	1	0	《40.0倍》神威※亢天づ[指
527	62	-1	62	522	0	522	15	0	15	200	0	200	3	-10	0	0	3	-10	0	0	0	0	1	1	0	《40.0倍》神威※亢天づ[带
528	62	-1	62	504	0	504	15	0	15	200	0	200	3	-10	0	0	3	-10	0	0	0	0	1	1	0	《40.0倍》神威※亢天づ[靴
529	73	-1	-1	3092	0	0	12	0	1	200	0	200	-420	-480	0	0	0	0	0	0	0	0	1	0	0	《45.0倍》魔神※之Eづ}渊
530	73	-1	-1	3107	0	0	12	0	1	200	0	200	-250	-330	0	0	0	0	0	0	0	0	1	0	0	《45.0倍》魔神※之Eづ}渊甲
531	62	-1	62	660	0	660	12	0	12	200	0	200	0	-5	0	0	0	-5	0	0	0	0	1	1	0	《45.0倍》魔神※之Eづ}渊盔
532	62	-1	62	680	0	680	12	0	12	200	0	200	0	-5	0	0	0	-5	0	0	0	0	1	1	0	《45.0倍》魔神※之Eづ}渊链
533	62	-1	62	700	0	700	12	0	12	200	0	200	0	-5	0	0	0	-5	0	0	0	0	1	1	0	《45.0倍》魔神※之Eづ}渊镯
534	62	-1	62	720	0	720	12	0	12	200	0	200	0	-10	0	0	0	-10	0	0	0	0	1	1	0	《45.0倍》魔神※之Eづ}渊戒
535	62	-1	62	700	0	700	12	0	12	200	0	200	0	-5	0	0	0	-5	0	0	0	0	1	1	0	《45.0倍》魔神※之Eづ}渊腕
536	62	-1	62	720	0	720	12	0	12	200	0	200	0	-10	0	0	0	-10	0	0	0	0	1	1	0	《45.0倍》魔神※之Eづ}渊指
537	62	-1	62	740	0	740	12	0	12	200	0	200	0	-5	0	0	0	-5	0	0	0	0	1	1	0	《45.0倍》魔神※之Eづ}渊带
538	62	-1	62	760	0	760	12	0	12	200	0	200	0	-5	0	0	0	-5	0	0	0	0	1	1	0	《45.0倍》魔神※之Eづ}渊靴
539	73	-1	-1	3122	0	0	12	0	1	200	0	200	-420	-480	0	0	0	0	0	0	0	0	1	0	0	《50.0倍》神雷※天裁づ涅
540	73	-1	-1	3137	0	0	12	0	1	200	0	200	-300	-396	0	0	0	0	0	0	0	0	1	0	0	《50.0倍》神雷※天裁づ涅甲
541	68	-1	68	226	0	226	12	0	12	200	0	200	0	0	0	0	0	0	0	0	0	0	1	1	0	《50.0倍》神雷※天裁づ涅盔
542	68	-1	68	238	0	238	12	0	12	200	0	200	0	0	0	0	0	0	0	0	0	0	1	1	0	《50.0倍》神雷※天裁づ涅链
543	68	-1	68	250	0	250	12	0	12	200	0	200	0	0	0	0	0	0	0	0	0	0	1	1	0	《50.0倍》神雷※天裁づ涅镯
544	68	-1	68	262	0	262	12	0	12	200	0	200	0	0	0	0	0	0	0	0	0	0	1	1	0	《50.0倍》神雷※天裁づ涅戒
545	68	-1	68	250	0	250	12	0	12	200	0	200	0	0	0	0	0	0	0	0	0	0	1	1	0	《50.0倍》神雷※天裁づ涅腕
546	68	-1	68	262	0	262	12	0	12	200	0	200	0	0	0	0	0	0	0	0	0	0	1	1	0	《50.0倍》神雷※天裁づ涅指
547	68	-1	68	274	0	274	12	0	12	200	0	200	0	0	0	0	0	0	0	0	0	0	1	1	0	《50.0倍》神雷※天裁づ涅带
548	68	-1	68	286	0	286	12	0	12	200	0	200	0	0	0	0	0	0	0	0	0	0	1	1	0	《50.0倍》神雷※天裁づ涅靴
549	62	-1	-1	7876	0	0	15	0	1	200	0	200	-275	-350	0	0	0	0	0	0	0	0	1	0	0	《55.0倍》血※鹕瘠盘礻I
550	62	-1	-1	7891	0	0	15	0	1	200	0	200	-150	-210	0	0	0	0	0	0	0	0	1	0	0	《55.0倍》血※鹕瘠盘礻I甲
551	62	-1	62	7792	0	7792	12	0	12	200	0	200	0	0	0	0	0	0	0	0	0	0	1	1	0	《55.0倍》血※鹕瘠盘礻I盔
552	62	-1	62	7804	0	7804	12	0	12	200	0	200	0	0	0	0	0	0	0	0	0	0	1	1	0	《55.0倍》血※鹕瘠盘礻I链
553	62	-1	62	7816	0	7816	12	0	12	200	0	200	0	0	0	0	0	0	0	0	0	0	1	1	0	《55.0倍》血※鹕瘠盘礻I镯
554	62	-1	62	7828	0	7828	12	0	12	200	0	200	0	0	0	0	0	0	0	0	0	0	1	1	0	《55.0倍》血※鹕瘠盘礻I戒
555	62	-1	62	7816	0	7816	12	0	12	200	0	200	0	0	0	0	0	0	0	0	0	0	1	1	0	《55.0倍》血※鹕瘠盘礻I腕
556	62	-1	62	7828	0	7828	12	0	12	200	0	200	0	0	0	0	0	0	0	0	0	0	1	1	0	《55.0倍》血※鹕瘠盘礻I指
557	62	-1	62	7840	0	7840	12	0	12	200	0	200	0	0	0	0	0	0	0	0	0	0	1	1	0	《55.0倍》血※鹕瘠盘礻I带
558	62	-1	62	7852	0	7852	12	0	12	200	0	200	0	0	0	0	0	0	0	0	0	0	1	1	0	《55.0倍》血※鹕瘠盘礻I靴
559	62	-1	-1	8068	0	0	15	0	1	200	0	200	-280	-350	0	0	0	0	0	0	0	0	1	0	0	《60.0倍》刀Α锷窕省莫邪
560	62	-1	-1	8083	0	0	15	0	1	200	0	200	-160	-220	0	0	0	0	0	0	0	0	1	0	0	《60.0倍》刀Α锷窕省莫邪甲
561	62	-1	62	8052	0	8052	15	0	15	200	0	200	0	0	0	0	0	0	0	0	0	0	1	1	0	《60.0倍》刀Α锷窕省莫邪盔
562	62	-1	62	7972	0	7972	15	0	15	200	0	200	0	0	0	0	0	0	0	0	0	0	1	1	0	《60.0倍》刀Α锷窕省莫邪链
563	62	-1	62	7988	0	7988	15	0	15	200	0	200	0	0	0	0	0	0	0	0	0	0	1	1	0	《60.0倍》刀Α锷窕省莫邪镯
564	62	-1	62	8004	0	8004	15	0	15	200	0	200	0	0	0	0	0	0	0	0	0	0	1	1	0	《60.0倍》刀Α锷窕省莫邪戒
565	62	-1	62	7988	0	7988	15	0	15	200	0	200	0	0	0	0	0	0	0	0	0	0	1	1	0	《60.0倍》刀Α锷窕省莫邪腕
566	62	-1	62	8004	0	8004	15	0	15	200	0	200	0	0	0	0	0	0	0	0	0	0	1	1	0	《60.0倍》刀Α锷窕省莫邪戒
567	62	-1	62	8020	0	8020	15	0	15	200	0	200	0	0	0	0	0	0	0	0	0	0	1	1	0	《60.0倍》刀Α锷窕省莫邪带
568	62	-1	62	8036	0	8036	15	0	15	200	0	200	0	0	0	0	0	0	0	0	0	0	1	1	0	《60.0倍》刀Α锷窕省莫邪靴
569	62	-1	-1	8098	0	0	12	0	1	200	0	200	-140	-200	0	0	0	0	0	0	0	0	1	0	0	《65.0倍》真`★九※Wx
570	62	-1	-1	8110	0	0	12	0	1	200	0	200	-120	-150	0	0	0	0	0	0	0	0	1	0	0	《65.0倍》真`★九※Wx甲
571	62	-1	62	8122	0	8122	15	0	15	200	0	200	0	0	0	0	0	0	0	0	0	0	1	1	0	《65.0倍》真`★九※Wx盔
572	62	-1	62	8138	0	8138	15	0	15	200	0	200	0	0	0	0	0	0	0	0	0	0	1	1	0	《65.0倍》真`★九※Wx链
573	62	-1	62	8154	0	8154	15	0	15	200	0	200	0	0	0	0	0	0	0	0	0	0	1	1	0	《65.0倍》真`★九※Wx镯
574	62	-1	62	8170	0	8170	15	0	15	200	0	200	0	0	0	0	0	0	0	0	0	0	1	1	0	《65.0倍》真`★九※Wx戒
575	62	-1	62	8154	0	8154	15	0	15	200	0	200	0	0	0	0	0	0	0	0	0	0	1	1	0	《65.0倍》真`★九※Wx腕
576	62	-1	62	8170	0	8170	15	0	15	200	0	200	0	0	0	0	0	0	0	0	0	0	1	1	0	《65.0倍》真`★九※Wx指
577	62	-1	62	8186	0	8186	15	0	15	200	0	200	0	0	0	0	0	0	0	0	0	0	1	1	0	《65.0倍》真`★九※Wx带
578	62	-1	62	8202	0	8202	15	0	15	200	0	200	0	0	0	0	0	0	0	0	0	0	1	1	0	《65.0倍》真`★九※Wx靴
579	62	-1	-1	8354	0	0	12	0	1	200	0	200	-280	-320	0	0	0	0	0	0	0	0	1	0	0	《70.0倍》王★op※KO
580	62	-1	-1	8366	0	0	12	0	1	200	0	200	-210	-230	0	0	0	0	0	0	0	0	1	0	0	《70.0倍》王★op※KO甲
581	62	-1	62	8258	0	8258	15	0	15	200	0	200	0	0	0	0	0	0	0	0	0	0	1	1	0	《70.0倍》王★op※KO盔
582	62	-1	62	8274	0	8274	15	0	15	200	0	200	0	0	0	0	0	0	0	0	0	0	1	1	0	《70.0倍》王★op※KO链
583	62	-1	62	8306	0	8306	15	0	15	200	0	200	0	0	0	0	0	0	0	0	0	0	1	1	0	《70.0倍》王★op※KO镯
584	62	-1	62	8291	0	8291	15	0	15	200	0	200	0	0	0	0	0	0	0	0	0	0	1	1	0	《70.0倍》王★op※KO戒
585	62	-1	62	8306	0	8306	15	0	15	200	0	200	0	0	0	0	0	0	0	0	0	0	1	1	0	《70.0倍》王★op※KO腕
586	62	-1	62	8291	0	8291	15	0	15	200	0	200	0	0	0	0	0	0	0	0	0	0	1	1	0	《70.0倍》王★op※KO指
587	62	-1	62	8322	0	8322	15	0	15	200	0	200	0	0	0	0	0	0	0	0	0	0	1	1	0	《70.0倍》王★op※KO带
588	62	-1	62	8338	0	8338	15	0	15	200	0	200	0	0	0	0	0	0	0	0	0	0	1	1	0	《70.0倍》王★op※KO靴
589	62	-1	-1	7916	0	0	10	0	1	150	0	100	80	-20	0	0	0	0	0	0	0	0	1	1	0	帝君e中原◆KO审判の逐鹿盾
590	62	-1	-1	7906	0	0	10	0	1	150	0	100	8	-80	0	0	0	0	0	0	0	0	1	1	0	金ze[◆君王斩天の中原盾
591	73	-1	73	3575	0	3575	10	0	10	200	0	200	0	0	0	0	0	0	0	0	0	0	1	1	0	「圣e章」L卷残・雄霸滔
592	73	-1	73	3595	0	3595	10	0	10	200	0	200	0	0	0	0	0	0	0	0	0	0	1	1	0	卧榻之侧の岂容他人酣睡・圣章
593	73	-1	73	4340	0	4340	15	0	15	200	0	200	3	0	0	0	3	0	0	0	0	0	1	1	0	f古メ跨三皇五帝・立不世之天威
594	73	-1	73	4685	0	4685	15	0	15	200	0	200	2	0	0	0	2	0	0	0	0	0	1	1	0	[}皇]以吾之名★恩赐尔等・一死
595	62	-1	-1	8378	0	0	15	0	1	200	0	200	-350	-180	0	0	0	0	0	0	0	0	1	0	0	《时装》天刀※无疆g昊天
596	73	-1	73	4940	0	4940	15	0	15	200	0	200	0	0	0	0	0	0	0	0	0	0	1	1	0	逐『王』鹿※戟★
597	73	-1	73	4955	0	4955	15	0	15	200	0	200	0	0	0	0	0	0	0	0	0	0	1	1	0	逐『王』鹿※戟★★★
598	73	-1	73	5090	0	5090	15	0	15	200	0	200	0	0	0	0	0	0	0	0	0	0	1	1	0	逐『王』鹿※戟★★★★★
599	8	-1	8	780	0	780	10	0	10	100	0	100	0	0	0	0	0	0	0	0	0	0	0	0	0	【鼠】・剑心通名・Max|
600	-1	-1	73	0	0	3875	1	0	15	100	0	100	0	0	0	0	0	0	0	0	0	0	0	1	0	血※仙珠
601	-1	-1	73	0	0	3890	1	0	15	100	0	100	0	0	0	0	0	0	0	0	0	0	0	1	0	鸿蒙★天羽
602	-1	-1	73	0	0	3755	1	0	15	100	0	100	0	0	0	0	0	0	0	0	0	0	0	1	0	逐鹿の中原宝箱
603	-1	-1	73	0	0	3860	1	0	15	100	0	100	0	0	0	0	0	0	0	0	0	0	0	1	0	逐鹿の中原钥匙
604	-1	-1	73	0	0	4025	1	0	15	100	0	100	0	0	0	0	0	0	0	0	0	0	0	1	0	红名清洗卡
