1001	-1	-1	73	0	0	3875	1	0	15	100	0	100	0	0	0	0	0	0	0	0	0	0	0	1	0	0	0	0	0	0	王者◆水晶
1002	-1	-1	73	0	0	3890	1	0	15	100	0	100	0	0	0	0	0	0	0	0	0	0	0	1	0	0	0	0	0	0	荣耀★水晶
1003	-1	-1	73	0	0	3755	1	0	15	100	0	100	0	0	0	0	0	0	0	0	0	0	0	1	0	0	0	0	0	0	逐鹿の中原宝箱
1004	-1	-1	73	0	0	3860	1	0	15	100	0	100	0	0	0	0	0	0	0	0	0	0	0	1	0	0	0	0	0	0	逐鹿の中原钥匙
1005	-1	-1	73	0	0	4025	1	0	15	100	0	100	0	0	0	0	0	0	0	0	0	0	0	1	0	0	0	0	0	0	红名清洗卡
1006	8	-1	8	780	0	780	10	0	10	100	0	100	0	0	0	0	0	0	0	0	0	0	0	0	0	0	0	0	0	0	【鼠】・剑心通名・Max|【牛】・天仙护体・Max|【虎】・黄帝内经・Max|【兔】・怒剑狂花・Max|【龙】・天外飞仙・Max|【蛇】・太上忘情・Max|【马】・惊尘碧天・Max|【羊】・竹引清风・Max|【猴】・流光掷火・Max|【鸡】・毁天灭地・Max|【猪】・诛神弑仙・Max|【狗】・四海升平・Max|【龙】・雷云风暴
1051	62	-1	58	6974	0	620	12	0	8	100	0	100	-190	-220	0	0	1	-2	0	0	0	0	1	1	0	0	0	0	0	0	《时装》`※毓秀g紫
1052	62	-1	58	6994	0	620	30	0	8	100	0	100	60	0	0	0	1	-2	0	0	0	0	1	1	0	0	0	0	0	0	《时装》雷Q※x火g帝炎
1053	62	-1	58	7044	0	620	40	0	8	100	0	100	60	0	0	0	1	-2	0	0	0	0	1	1	0	0	0	0	0	0	《时装》天星※耀g霸^
1054	62	-1	58	7084	0	620	40	0	8	100	0	100	60	0	0	0	1	-2	1	0	0	0	1	1	0	0	0	0	0	0	《时装》神威※亢天g[
1055	62	-1	58	7124	0	620	58	0	8	100	0	100	-225	-283	0	0	1	-2	0	0	0	0	1	1	0	0	0	0	0	0	《时装》魔神※之Eg}渊
1056	62	-1	58	7182	0	620	15	0	8	100	0	100	-190	-120	0	0	1	-2	0	0	0	0	1	1	0	0	0	0	0	0	《时装》神雷※天裁g涅
1057	62	-1	58	7197	0	620	15	0	8	100	0	100	-180	-120	0	0	1	-2	0	0	0	0	1	1	0	0	0	0	0	0	《时装》血※鹕瘵g天I
1058	62	-1	58	7212	0	620	15	0	8	100	0	100	-160	-130	0	0	1	-2	0	0	0	0	1	1	0	0	0	0	0	0	《时装》刀Α神皇g莫邪
1059	62	-1	58	7227	0	620	15	0	8	100	0	100	-140	-110	0	0	1	-2	0	0	0	0	1	1	0	0	0	0	0	0	《时装》真`※九gWx
1060	62	-1	58	7242	0	620	15	0	8	100	0	100	-290	-90	0	0	1	-2	0	0	0	0	1	1	0	0	0	0	0	0	《时装》王※opgKO
1061	76	-1	58	669	0	620	20	0	8	200	0	100	-300	-150	0	0	1	-2	0	0	0	0	1	1	0	0	0	0	0	0	《时装》金z※[g君王
1062	76	-1	58	549	0	620	24	0	8	200	0	100	-240	-150	0	0	1	-2	0	0	0	0	1	1	0	0	0	0	0	0	《时装》赤心※巡天g逍遥
1063	76	-1	-1	753	0	0	11	0	1	200	0	200	-220	-120	0	0	0	0	0	0	0	0	1	0	0	0	0	0	0	0	《时装》天刀※无疆g昊天
1091	73	-1	-1	3243	0	0	12	0	1	200	0	200	-65	-76	0	0	0	0	0	0	0	0	1	0	0	0	0	0	0	0	逐鹿◆出入江湖剑の神剑
1092	73	-1	-1	3231	0	0	12	0	1	200	0	200	13	10	0	0	0	0	0	0	0	0	1	0	0	0	0	0	0	0	逐鹿◆出入江湖剑の神甲
1093	62	-1	62	6842	0	6842	12	0	12	200	0	200	0	0	0	0	0	0	0	0	0	0	1	1	0	0	0	0	0	0	逐鹿◆出入江湖剑の链
1094	62	-1	62	6830	0	6830	12	0	12	200	0	200	0	0	0	0	0	0	0	0	0	0	1	1	0	0	0	0	0	0	逐鹿◆出入江湖剑の盔
1095	62	-1	62	6854	0	6854	12	0	12	200	0	200	0	0	0	0	0	0	0	0	0	0	1	1	0	0	0	0	0	0	逐鹿◆出入江湖剑の镯
1096	62	-1	62	6866	0	6866	12	0	12	200	0	200	0	0	0	0	0	0	0	0	0	0	1	1	0	0	0	0	0	0	逐鹿◆出入江湖剑の戒
1097	62	-1	62	6878	0	6878	12	0	12	200	0	200	0	0	0	0	0	0	0	0	0	0	1	1	0	0	0	0	0	0	逐鹿◆出入江湖剑の带
1098	62	-1	62	6890	0	6890	12	0	12	200	0	200	0	0	0	0	0	0	0	0	0	0	1	1	0	0	0	0	0	0	逐鹿◆出入江湖剑の靴
1099	71	-1	-1	3164	0	0	12	0	1	200	0	200	-135	-165	0	0	0	0	0	0	0	0	1	0	0	0	0	0	0	0	绝世◆揽月摘星の神剑
1100	71	-1	-1	3152	0	0	12	0	1	200	0	200	-80	-125	0	0	0	0	0	0	0	0	1	0	0	0	0	0	0	0	绝世◆揽月摘星の神甲
1101	62	-1	62	6758	0	6758	12	0	12	200	0	200	0	0	0	0	0	0	0	0	0	0	1	1	0	0	0	0	0	0	绝世◆揽月摘星の盔
1102	62	-1	62	6770	0	6770	12	0	12	200	0	200	0	0	0	0	0	0	0	0	0	0	1	1	0	0	0	0	0	0	绝世◆揽月摘星の链
1103	62	-1	62	6782	0	6782	12	0	12	200	0	200	0	0	0	0	0	0	0	0	0	0	1	1	0	0	0	0	0	0	绝世◆揽月摘星の镯
1104	62	-1	62	6794	0	6794	12	0	12	200	0	200	0	0	0	0	0	0	0	0	0	0	1	1	0	0	0	0	0	0	绝世◆揽月摘星の戒
1105	62	-1	62	6806	0	6806	12	0	12	200	0	200	0	0	0	0	0	0	0	0	0	0	1	1	0	0	0	0	0	0	绝世◆揽月摘星の带
1106	62	-1	62	6818	0	6818	12	0	12	200	0	200	0	0	0	0	0	0	0	0	0	0	1	1	0	0	0	0	0	0	绝世◆揽月摘星の靴
1107	71	-1	-1	3200	0	0	12	0	1	200	0	200	-87	-105	0	0	0	0	0	0	0	0	1	0	0	0	0	0	0	0	屠魔◆诸天帝王の神剑
1108	71	-1	-1	3176	0	0	12	0	1	200	0	200	10	15	0	0	0	0	0	0	0	0	1	0	0	0	0	0	0	0	屠魔◆诸天帝王の神甲
1109	62	-1	62	6686	0	6686	12	0	12	200	0	200	0	0	0	0	0	0	0	0	0	0	1	1	0	0	0	0	0	0	屠魔◆诸天帝王の盔
1110	62	-1	62	6698	0	6698	12	0	12	200	0	200	0	0	0	0	0	0	0	0	0	0	1	1	0	0	0	0	0	0	屠魔◆诸天帝王の链
1111	62	-1	62	6710	0	6710	12	0	12	200	0	200	0	0	0	0	0	0	0	0	0	0	1	1	0	0	0	0	0	0	屠魔◆诸天帝王の镯
1112	62	-1	62	6722	0	6722	12	0	12	200	0	200	0	0	0	0	0	0	0	0	0	0	1	1	0	0	0	0	0	0	屠魔◆诸天帝王の戒
1113	62	-1	62	6734	0	6734	12	0	12	200	0	200	0	0	0	0	0	0	0	0	0	0	1	1	0	0	0	0	0	0	屠魔◆诸天帝王の带
1114	62	-1	62	6746	0	6746	12	0	12	200	0	200	0	0	0	0	0	0	0	0	0	0	1	1	0	0	0	0	0	0	屠魔◆诸天帝王の靴
1115	71	-1	-1	3188	0	0	12	0	1	200	0	200	-28	-13	0	0	0	0	0	0	0	0	1	0	0	0	0	0	0	0	九幽◆狂暴天魔の神剑
1116	71	-1	-1	3239	0	0	12	0	1	200	0	200	10	15	0	0	0	0	0	0	0	0	1	0	0	0	0	0	0	0	九幽◆狂暴天魔の神甲
1117	62	-1	62	6614	0	6614	12	0	12	200	0	200	0	0	0	0	0	0	0	0	0	0	1	1	0	0	0	0	0	0	九幽◆狂暴天魔の盔
1118	62	-1	62	6626	0	6626	12	0	12	200	0	200	0	0	0	0	0	0	0	0	0	0	1	1	0	0	0	0	0	0	九幽◆狂暴天魔の链
1119	62	-1	62	6638	0	6638	12	0	12	200	0	200	0	0	0	0	0	0	0	0	0	0	1	1	0	0	0	0	0	0	九幽◆狂暴天魔の镯
1120	62	-1	62	6650	0	6650	12	0	12	200	0	200	0	0	0	0	0	0	0	0	0	0	1	1	0	0	0	0	0	0	九幽◆狂暴天魔の戒
1121	62	-1	62	6662	0	6662	12	0	12	200	0	200	0	0	0	0	0	0	0	0	0	0	1	1	0	0	0	0	0	0	九幽◆狂暴天魔の带
1122	62	-1	62	6674	0	6674	12	0	12	200	0	200	0	0	0	0	0	0	0	0	0	0	1	1	0	0	0	0	0	0	九幽◆狂暴天魔の靴
1123	71	-1	-1	3212	0	0	12	0	1	200	0	200	-185	-180	0	0	0	0	0	0	0	0	1	0	0	0	0	0	0	0	暗黑◆三千雷动の神剑
1124	71	-1	-1	3239	0	0	12	0	1	200	0	200	12	15	0	0	0	0	0	0	0	0	1	0	0	0	0	0	0	0	暗黑◆三千雷动の神甲
1125	62	-1	62	6542	0	6542	12	0	12	200	0	200	0	0	0	0	0	0	0	0	0	0	1	1	0	0	0	0	0	0	暗黑◆三千雷动の盔
1126	62	-1	62	6554	0	6554	12	0	12	200	0	200	0	0	0	0	0	0	0	0	0	0	1	1	0	0	0	0	0	0	暗黑◆三千雷动の链
1127	62	-1	62	6566	0	6566	12	0	12	200	0	200	0	0	0	0	0	0	0	0	0	0	1	1	0	0	0	0	0	0	暗黑◆三千雷动の镯
1128	62	-1	62	6578	0	6578	12	0	12	200	0	200	0	0	0	0	0	0	0	0	0	0	1	1	0	0	0	0	0	0	暗黑◆三千雷动の戒
1129	62	-1	62	6590	0	6590	12	0	12	200	0	200	0	0	0	0	0	0	0	0	0	0	1	1	0	0	0	0	0	0	暗黑◆三千雷动の带
1130	62	-1	62	6602	0	6602	12	0	12	200	0	200	0	0	0	0	0	0	0	0	0	0	1	1	0	0	0	0	0	0	暗黑◆三千雷动の靴
1131	71	-1	-1	3251	0	0	12	0	1	200	0	200	-200	-180	0	0	0	0	0	0	0	0	1	0	0	0	0	0	0	0	血◆斩啸诛邪の神剑
1132	71	-1	-1	3239	0	0	12	0	1	200	0	200	12	15	0	0	0	0	0	0	0	0	1	0	0	0	0	0	0	0	血◆斩啸诛邪の神甲
1133	62	-1	62	6470	0	6470	12	0	12	200	0	200	0	0	0	0	0	0	0	0	0	0	1	1	0	0	0	0	0	0	血◆斩啸诛邪の盔
1134	62	-1	62	6482	0	6482	12	0	12	200	0	200	0	0	0	0	0	0	0	0	0	0	1	1	0	0	0	0	0	0	血◆斩啸诛邪の链
1135	62	-1	62	6494	0	6494	12	0	12	200	0	200	0	0	0	0	0	0	0	0	0	0	1	1	0	0	0	0	0	0	血◆斩啸诛邪の镯
1136	62	-1	62	6506	0	6506	12	0	12	200	0	200	0	0	0	0	0	0	0	0	0	0	1	1	0	0	0	0	0	0	血◆斩啸诛邪の戒
1137	62	-1	62	6518	0	6518	12	0	12	200	0	200	0	0	0	0	0	0	0	0	0	0	1	1	0	0	0	0	0	0	血◆斩啸诛邪の带
1138	62	-1	62	6530	0	6530	12	0	12	200	0	200	0	0	0	0	0	0	0	0	0	0	1	1	0	0	0	0	0	0	血◆斩啸诛邪の靴
1139	71	-1	-1	3290	0	0	12	0	1	200	0	200	-55	-70	0	0	0	0	0	0	0	0	1	0	0	0	0	0	0	0	炎魔◆逆水寒光の神剑
1140	71	-1	-1	3278	0	0	12	0	1	200	0	200	12	5	0	0	0	0	0	0	0	0	1	0	0	0	0	0	0	0	炎魔◆逆水寒光の神甲
1141	62	-1	62	6398	0	6398	12	0	12	200	0	200	0	0	0	0	0	0	0	0	0	0	1	1	0	0	0	0	0	0	炎魔◆逆水寒光の盔
1142	62	-1	62	6410	0	6410	12	0	12	200	0	200	0	0	0	0	0	0	0	0	0	0	1	1	0	0	0	0	0	0	炎魔◆逆水寒光の链
1143	62	-1	62	6422	0	6410	12	0	12	200	0	200	0	0	0	0	0	0	0	0	0	0	1	1	0	0	0	0	0	0	炎魔◆逆水寒光の镯
1144	62	-1	62	6434	0	6434	12	0	12	200	0	200	0	0	0	0	0	0	0	0	0	0	1	1	0	0	0	0	0	0	炎魔◆逆水寒光の戒
1145	62	-1	62	6446	0	6446	12	0	12	200	0	200	0	0	0	0	0	0	0	0	0	0	1	1	0	0	0	0	0	0	炎魔◆逆水寒光の带
1146	62	-1	62	6458	0	6458	12	0	12	200	0	200	0	0	0	0	0	0	0	0	0	0	1	1	0	0	0	0	0	0	炎魔◆逆水寒光の靴
1147	71	-1	-1	3302	0	0	12	0	1	200	0	200	15	30	0	0	0	0	0	0	0	0	1	0	0	0	0	0	0	0	灵犀◆君临天下の神剑
1148	71	-1	-1	3322	0	0	12	0	1	200	0	200	19	45	0	0	0	0	0	0	0	0	1	0	0	0	0	0	0	0	灵犀◆君临天下の神甲
1149	62	-1	62	6326	0	6326	12	0	12	200	0	200	0	0	0	0	0	0	0	0	0	0	1	1	0	0	0	0	0	0	灵犀◆君临天下の盔
1150	62	-1	62	6338	0	6338	12	0	12	200	0	200	0	0	0	0	0	0	0	0	0	0	1	1	0	0	0	0	0	0	灵犀◆君临天下の链
1151	62	-1	62	6350	0	6350	12	0	12	200	0	200	0	0	0	0	0	0	0	0	0	0	1	1	0	0	0	0	0	0	灵犀◆君临天下の镯
1152	62	-1	62	6362	0	6362	12	0	12	200	0	200	0	0	0	0	0	0	0	0	0	0	1	1	0	0	0	0	0	0	灵犀◆君临天下の戒
1153	62	-1	62	6374	0	6374	12	0	12	200	0	200	0	0	0	0	0	0	0	0	0	0	1	1	0	0	0	0	0	0	灵犀◆君临天下の带
1154	62	-1	62	6386	0	6386	12	0	12	200	0	200	0	0	0	0	0	0	0	0	0	0	1	1	0	0	0	0	0	0	灵犀◆君临天下の靴
1155	71	-1	-1	3382	0	0	12	0	1	200	0	200	15	30	0	0	0	0	0	0	0	0	1	0	0	0	0	0	0	0	北斗◆九州憾天の神剑
1156	71	-1	-1	3342	0	0	12	0	1	200	0	200	19	45	0	0	0	0	0	0	0	0	1	0	0	0	0	0	0	0	北斗◆九州憾天の神甲
1157	62	-1	62	6254	0	6254	12	0	12	200	0	200	0	0	0	0	0	0	0	0	0	0	1	1	0	0	0	0	0	0	北斗◆九州憾天の盔
1158	62	-1	62	6266	0	6266	12	0	12	200	0	200	0	0	0	0	0	0	0	0	0	0	1	1	0	0	0	0	0	0	北斗◆九州憾天の链
1159	62	-1	62	6278	0	6278	12	0	12	200	0	200	0	0	0	0	0	0	0	0	0	0	1	1	0	0	0	0	0	0	北斗◆九州憾天の镯
1160	62	-1	62	6290	0	6290	12	0	12	200	0	200	0	0	0	0	0	0	0	0	0	0	1	1	0	0	0	0	0	0	北斗◆九州憾天の戒
1161	62	-1	62	6302	0	6302	12	0	12	200	0	200	0	0	0	0	0	0	0	0	0	0	1	1	0	0	0	0	0	0	北斗◆九州憾天の带
1162	62	-1	62	6314	0	6314	12	0	12	200	0	200	0	0	0	0	0	0	0	0	0	0	1	1	0	0	0	0	0	0	北斗◆九州憾天の靴
1163	71	-1	-1	3402	0	0	12	0	1	200	0	200	15	30	0	0	0	0	0	0	0	0	1	0	0	0	0	0	0	0	秋水◆魏武青虹の神剑
1164	71	-1	-1	3362	0	0	20	0	1	150	0	50	19	45	0	0	0	0	0	0	0	0	1	1	0	0	0	0	0	0	秋水◆魏武青虹の神甲
1165	62	-1	62	6182	0	6182	12	0	12	200	0	200	0	0	0	0	0	0	0	0	0	0	1	1	0	0	0	0	0	0	秋水◆魏武青虹の盔
1166	62	-1	62	6194	0	6194	12	0	12	200	0	200	0	0	0	0	0	0	0	0	0	0	1	1	0	0	0	0	0	0	秋水◆魏武青虹の链
1167	62	-1	62	6206	0	6206	12	0	12	200	0	200	0	0	0	0	0	0	0	0	0	0	1	1	0	0	0	0	0	0	秋水◆魏武青虹の镯
1168	62	-1	62	6218	0	6218	12	0	12	200	0	200	0	0	0	0	0	0	0	0	0	0	1	1	0	0	0	0	0	0	秋水◆魏武青虹の戒
1169	62	-1	62	6230	0	6230	12	0	12	200	0	200	0	0	0	0	0	0	0	0	0	0	1	1	0	0	0	0	0	0	秋水◆魏武青虹の带
1170	62	-1	62	6242	0	6242	12	0	12	200	0	200	0	0	0	0	0	0	0	0	0	0	1	1	0	0	0	0	0	0	秋水◆魏武青虹の靴
1171	60	-1	-1	440	0	0	20	0	1	150	0	50	10	23	0	0	0	0	0	0	0	0	1	1	0	0	0	0	0	0	地煞◆四法青云の剑
1172	60	-1	-1	260	0	0	20	0	1	150	0	50	10	27	0	0	0	0	0	0	0	0	1	1	0	0	0	0	0	0	地煞◆四法青云の甲
1173	62	-1	62	4502	0	4502	12	0	12	200	0	200	0	0	0	0	0	0	0	0	0	0	1	1	0	0	0	0	0	0	地煞◆四法青云の盔
1174	62	-1	62	4514	0	4514	12	0	12	200	0	200	0	0	0	0	0	0	0	0	0	0	1	1	0	0	0	0	0	0	地煞◆四法青云の链
1175	62	-1	62	4490	0	4490	12	0	12	200	0	200	0	0	0	0	0	0	0	0	0	0	1	1	0	0	0	0	0	0	地煞◆四法青云の镯
1176	62	-1	62	4478	0	4478	12	0	12	200	0	200	0	0	0	0	0	0	0	0	0	0	1	1	0	0	0	0	0	0	地煞◆四法青云の戒
1177	62	-1	62	4538	0	4538	12	0	12	200	0	200	0	0	0	0	0	0	0	0	0	0	1	1	0	0	0	0	0	0	地煞◆四法青云の带
1178	62	-1	62	4526	0	4526	12	0	12	200	0	200	0	0	0	0	0	0	0	0	0	0	1	1	0	0	0	0	0	0	地煞◆四法青云の靴
1179	60	-1	-1	460	0	0	20	0	1	150	0	50	10	23	0	0	0	0	0	0	0	0	1	1	0	0	0	0	0	0	天罡◆斩妖气血の剑
1180	60	-1	-1	280	0	0	20	0	1	150	0	50	10	23	0	0	0	0	0	0	0	0	1	1	0	0	0	0	0	0	天罡◆斩妖气血の甲
1181	62	-1	62	4574	0	4574	12	0	12	200	0	200	0	0	0	0	0	0	0	0	0	0	1	1	0	0	0	0	0	0	天罡◆斩妖气血の盔
1182	62	-1	62	4586	0	4586	12	0	12	200	0	200	0	0	0	0	0	0	0	0	0	0	1	1	0	0	0	0	0	0	天罡◆斩妖气血の链
1183	62	-1	62	4562	0	4562	12	0	12	200	0	200	0	0	0	0	0	0	0	0	0	0	1	1	0	0	0	0	0	0	天罡◆斩妖气血の镯
1184	62	-1	62	4550	0	4550	12	0	12	200	0	200	0	0	0	0	0	0	0	0	0	0	1	1	0	0	0	0	0	0	天罡◆斩妖气血の戒
1185	62	-1	62	4610	0	4610	12	0	12	200	0	200	0	0	0	0	0	0	0	0	0	0	1	1	0	0	0	0	0	0	天罡◆斩妖气血の带
1186	62	-1	62	4598	0	4598	12	0	12	200	0	200	0	0	0	0	0	0	0	0	0	0	1	1	0	0	0	0	0	0	天罡◆斩妖气血の靴
1187	60	-1	-1	480	0	0	20	0	1	150	0	50	10	23	0	0	0	0	0	0	0	0	1	1	0	0	0	0	0	0	伏魔◆业火三灾の剑
1188	60	-1	-1	300	0	0	20	0	1	150	0	50	10	27	0	0	0	0	0	0	0	0	1	1	0	0	0	0	0	0	伏魔◆业火三灾の甲
1189	62	-1	62	4646	0	4646	12	0	12	200	0	200	0	0	0	0	0	0	0	0	0	0	1	1	0	0	0	0	0	0	伏魔◆业火三灾の盔
1190	62	-1	62	4658	0	4658	12	0	12	200	0	200	0	0	0	0	0	0	0	0	0	0	1	1	0	0	0	0	0	0	伏魔◆业火三灾の链
1191	62	-1	62	4634	0	4634	12	0	12	200	0	200	0	0	0	0	0	0	0	0	0	0	1	1	0	0	0	0	0	0	伏魔◆业火三灾の镯
1192	62	-1	62	4622	0	4622	12	0	12	200	0	200	0	0	0	0	0	0	0	0	0	0	1	1	0	0	0	0	0	0	伏魔◆业火三灾の戒
1193	62	-1	62	4682	0	4682	12	0	12	200	0	200	0	0	0	0	0	0	0	0	0	0	1	1	0	0	0	0	0	0	伏魔◆业火三灾の带
1194	62	-1	62	4670	0	4670	12	0	12	200	0	200	0	0	0	0	0	0	0	0	0	0	1	1	0	0	0	0	0	0	伏魔◆业火三灾の靴
1195	60	-1	-1	500	0	0	20	0	1	150	0	50	10	23	0	0	0	0	0	0	0	0	1	1	0	0	0	0	0	0	星云◆紫电青霜の剑
1196	60	-1	-1	320	0	0	20	0	1	150	0	50	10	27	0	0	0	0	0	0	0	0	1	1	0	0	0	0	0	0	星云◆紫电青霜の甲
1197	62	-1	62	4718	0	4718	12	0	12	200	0	200	0	0	0	0	0	0	0	0	0	0	1	1	0	0	0	0	0	0	星云◆紫电青霜の盔
1198	62	-1	62	4730	0	4730	12	0	12	200	0	200	0	0	0	0	0	0	0	0	0	0	1	1	0	0	0	0	0	0	星云◆紫电青霜の链
1199	62	-1	62	4706	0	4706	12	0	12	200	0	200	0	0	0	0	0	0	0	0	0	0	1	1	0	0	0	0	0	0	星云◆紫电青霜の镯
1200	62	-1	62	4694	0	4694	12	0	12	200	0	200	0	0	0	0	0	0	0	0	0	0	1	1	0	0	0	0	0	0	星云◆紫电青霜の戒
1201	62	-1	62	4754	0	4754	12	0	12	200	0	200	0	0	0	0	0	0	0	0	0	0	1	1	0	0	0	0	0	0	星云◆紫电青霜の带
1202	62	-1	62	4742	0	4742	12	0	12	200	0	200	0	0	0	0	0	0	0	0	0	0	1	1	0	0	0	0	0	0	星云◆紫电青霜の靴
1203	60	-1	-1	520	0	0	20	0	1	150	0	50	10	23	0	0	0	0	0	0	0	0	1	1	0	0	0	0	0	0	天机◆自在逍遥の剑
1204	60	-1	-1	340	0	0	20	0	1	150	0	50	10	23	0	0	0	0	0	0	0	0	1	1	0	0	0	0	0	0	天机◆自在逍遥の甲
1205	62	-1	62	4790	0	4790	12	0	12	200	0	200	0	0	0	0	0	0	0	0	0	0	1	1	0	0	0	0	0	0	天机◆自在逍遥の盔
1206	62	-1	62	4802	0	4802	12	0	12	200	0	200	0	0	0	0	0	0	0	0	0	0	1	1	0	0	0	0	0	0	天机◆自在逍遥の链
1207	62	-1	62	4778	0	4778	12	0	12	200	0	200	0	0	0	0	0	0	0	0	0	0	1	1	0	0	0	0	0	0	天机◆自在逍遥の镯
1208	62	-1	62	4766	0	4766	12	0	12	200	0	200	0	0	0	0	0	0	0	0	0	0	1	1	0	0	0	0	0	0	天机◆自在逍遥の戒
1209	62	-1	62	4826	0	4826	12	0	12	200	0	200	0	0	0	0	0	0	0	0	0	0	1	1	0	0	0	0	0	0	天机◆自在逍遥の带
1210	62	-1	62	4814	0	4814	12	0	12	200	0	200	0	0	0	0	0	0	0	0	0	0	1	1	0	0	0	0	0	0	天机◆自在逍遥の靴
1211	60	-1	-1	540	0	0	20	0	1	150	0	50	10	23	0	0	0	0	0	0	0	0	1	1	0	0	0	0	0	0	弑皇◆决战云巅の剑
1212	60	-1	-1	360	0	0	20	0	1	150	0	50	10	23	0	0	0	0	0	0	0	0	1	1	0	0	0	0	0	0	弑皇◆决战云巅の甲
1213	62	-1	62	4934	0	4934	12	0	12	200	0	200	0	0	0	0	0	0	0	0	0	0	1	1	0	0	0	0	0	0	弑皇◆决战云巅の盔
1214	62	-1	62	4946	0	4946	12	0	12	200	0	200	0	0	0	0	0	0	0	0	0	0	1	1	0	0	0	0	0	0	弑皇◆决战云巅の链
1215	62	-1	62	4922	0	4922	12	0	12	200	0	200	0	0	0	0	0	0	0	0	0	0	1	1	0	0	0	0	0	0	弑皇◆决战云巅の镯
1216	62	-1	62	4910	0	4910	12	0	12	200	0	200	0	0	0	0	0	0	0	0	0	0	1	1	0	0	0	0	0	0	弑皇◆决战云巅の戒
1217	62	-1	62	4970	0	4970	12	0	12	200	0	200	0	0	0	0	0	0	0	0	0	0	1	1	0	0	0	0	0	0	弑皇◆决战云巅の带
1218	62	-1	62	4958	0	4958	12	0	12	200	0	200	0	0	0	0	0	0	0	0	0	0	1	1	0	0	0	0	0	0	弑皇◆决战云巅の靴
1219	60	-1	-1	560	0	0	20	0	1	150	0	50	10	23	0	0	0	0	0	0	0	0	1	1	0	0	0	0	0	0	落霞◆霸世金典の剑
1220	60	-1	-1	380	0	0	20	0	1	150	0	50	16	27	0	0	0	0	0	0	0	0	1	1	0	0	0	0	0	0	落霞◆霸世金典の甲
1221	62	-1	62	5006	0	5006	12	0	12	200	0	200	0	0	0	0	0	0	0	0	0	0	1	1	0	0	0	0	0	0	落霞◆霸世金典の盔
1222	62	-1	62	5018	0	5018	12	0	12	200	0	200	0	0	0	0	0	0	0	0	0	0	1	1	0	0	0	0	0	0	落霞◆霸世金典の链
1223	62	-1	62	4994	0	4994	12	0	12	200	0	200	0	0	0	0	0	0	0	0	0	0	1	1	0	0	0	0	0	0	落霞◆霸世金典の镯
1224	62	-1	62	4982	0	4982	12	0	12	200	0	200	0	0	0	0	0	0	0	0	0	0	1	1	0	0	0	0	0	0	落霞◆霸世金典の戒
1225	62	-1	62	5042	0	5042	12	0	12	200	0	200	0	0	0	0	0	0	0	0	0	0	1	1	0	0	0	0	0	0	落霞◆霸世金典の带
1226	62	-1	62	5030	0	5030	12	0	12	200	0	200	0	0	0	0	0	0	0	0	0	0	1	1	0	0	0	0	0	0	落霞◆霸世金典の靴
1227	60	-1	-1	580	0	0	20	0	1	150	0	50	10	27	0	0	0	0	0	0	0	0	1	1	0	0	0	0	0	0	惊天◆皇图霸业の剑
1228	60	-1	-1	400	0	0	20	0	1	150	0	50	10	23	0	0	0	0	0	0	0	0	1	1	0	0	0	0	0	0	惊天◆皇图霸业の甲
1229	62	-1	62	5078	0	5078	12	0	12	50	0	50	0	0	0	0	0	0	0	0	0	0	1	1	0	0	0	0	0	0	惊天◆皇图霸业の盔
1230	62	-1	62	5090	0	5090	12	0	12	50	0	50	0	0	0	0	0	0	0	0	0	0	1	1	0	0	0	0	0	0	惊天◆皇图霸业の链
1231	62	-1	62	5066	0	5066	12	0	12	50	0	50	0	0	0	0	0	0	0	0	0	0	1	1	0	0	0	0	0	0	惊天◆皇图霸业の镯
1232	62	-1	62	5054	0	5054	12	0	12	50	0	50	0	0	0	0	0	0	0	0	0	0	1	1	0	0	0	0	0	0	惊天◆皇图霸业の戒
1233	62	-1	62	5114	0	5114	12	0	12	50	0	50	0	0	0	0	0	0	0	0	0	0	1	1	0	0	0	0	0	0	惊天◆皇图霸业の带
1234	62	-1	62	5102	0	5102	12	0	12	50	0	50	0	0	0	0	0	0	0	0	0	0	1	1	0	0	0	0	0	0	惊天◆皇图霸业の靴
1235	71	-1	-1	2924	0	0	10	0	1	150	0	150	-270	-330	0	0	0	0	0	0	0	0	1	1	0	0	0	0	0	0	降魔◆日月星城の剑
1236	71	-1	-1	2936	0	0	10	0	1	150	0	150	-185	-295	0	0	0	0	0	0	0	0	1	1	0	0	0	0	0	0	降魔◆日月星城の甲
1237	62	-1	62	5150	0	5150	12	0	12	200	0	200	0	0	0	0	0	0	0	0	0	0	1	1	0	0	0	0	0	0	降魔◆日月星城の盔
1238	62	-1	62	5162	0	5162	12	0	12	200	0	200	0	0	0	0	0	0	0	0	0	0	1	1	0	0	0	0	0	0	降魔◆日月星城の链
1239	62	-1	62	5138	0	5138	12	0	12	200	0	200	0	0	0	0	0	0	0	0	0	0	1	1	0	0	0	0	0	0	降魔◆日月星城の镯
1240	62	-1	62	5126	0	5126	12	0	12	200	0	200	0	0	0	0	0	0	0	0	0	0	1	1	0	0	0	0	0	0	降魔◆日月星城の戒
1241	62	-1	62	5186	0	5186	12	0	12	200	0	200	0	0	0	0	0	0	0	0	0	0	1	1	0	0	0	0	0	0	降魔◆日月星城の带
1242	62	-1	62	5174	0	5174	12	0	12	200	0	200	0	0	0	0	0	0	0	0	0	0	1	1	0	0	0	0	0	0	降魔◆日月星城の靴
1243	71	-1	-1	2574	0	0	10	0	1	150	0	150	-195	-250	0	0	0	0	0	0	0	0	1	1	0	0	0	0	0	0	沧海◆九天雷霆の剑
1244	71	-1	-1	2594	0	0	10	0	1	150	0	150	-80	-110	0	0	0	0	0	0	0	0	1	1	0	0	0	0	0	0	沧海◆九天雷霆の甲
1245	62	-1	62	5222	0	5222	12	0	12	200	0	200	0	0	0	0	0	0	0	0	0	0	1	1	0	0	0	0	0	0	沧海◆九天雷霆の盔
1246	62	-1	62	5234	0	5234	12	0	12	200	0	200	0	0	0	0	0	0	0	0	0	0	1	1	0	0	0	0	0	0	沧海◆九天雷霆の链
1247	62	-1	62	5198	0	5198	12	0	12	200	0	200	0	0	0	0	0	0	0	0	0	0	1	1	0	0	0	0	0	0	沧海◆九天雷霆の镯
1248	62	-1	62	5198	0	5198	12	0	12	200	0	200	0	0	0	0	0	0	0	0	0	0	1	1	0	0	0	0	0	0	沧海◆九天雷霆の戒
1249	62	-1	62	5258	0	5258	12	0	12	200	0	200	0	0	0	0	0	0	0	0	0	0	1	1	0	0	0	0	0	0	沧海◆九天雷霆の带
1250	62	-1	62	5246	0	5246	12	0	12	200	0	200	0	0	0	0	0	0	0	0	0	0	1	1	0	0	0	0	0	0	沧海◆九天雷霆の靴
1251	71	-1	-1	2024	0	0	10	0	1	150	0	150	-195	-250	0	0	0	0	0	0	0	0	1	1	0	0	0	0	0	0	盘龙◆唯吾狂名の斩
1252	71	-1	-1	2044	0	0	10	0	1	150	0	150	-80	-105	0	0	0	0	0	0	0	0	1	1	0	0	0	0	0	0	盘龙◆唯吾狂名の袍
1253	62	-1	62	5294	0	5294	12	0	12	200	0	200	0	0	0	0	0	0	0	0	0	0	1	1	0	0	0	0	0	0	盘龙◆唯吾狂名の盔
1254	62	-1	62	5306	0	5306	12	0	12	200	0	200	0	0	0	0	0	0	0	0	0	0	1	1	0	0	0	0	0	0	盘龙◆唯吾狂名の链
1255	62	-1	62	5282	0	5282	12	0	12	200	0	200	0	0	0	0	0	0	0	0	0	0	1	1	0	0	0	0	0	0	盘龙◆唯吾狂名の镯
1256	62	-1	62	5270	0	5270	12	0	12	200	0	200	0	0	0	0	0	0	0	0	0	0	1	1	0	0	0	0	0	0	盘龙◆唯吾狂名の戒
1257	62	-1	62	5330	0	5330	12	0	12	200	0	200	0	0	0	0	0	0	0	0	0	0	1	1	0	0	0	0	0	0	盘龙◆唯吾狂名の带
1258	62	-1	62	5318	0	5318	12	0	12	200	0	200	0	0	0	0	0	0	0	0	0	0	1	1	0	0	0	0	0	0	盘龙◆唯吾狂名の靴
1259	71	-1	-1	2074	0	0	12	0	1	150	0	150	-195	-250	0	0	0	0	0	0	0	0	1	1	0	0	0	0	0	0	流云◆赤心巡天の斩
1260	71	-1	-1	2094	0	0	10	0	1	150	0	150	-80	-105	0	0	0	0	0	0	0	0	1	1	0	0	0	0	0	0	流云◆赤心巡天の袍
1261	62	-1	62	5366	0	5366	12	0	12	200	0	200	0	0	0	0	0	0	0	0	0	0	1	1	0	0	0	0	0	0	流云◆赤心巡天の盔
1262	62	-1	62	5378	0	5378	12	0	12	200	0	200	0	0	0	0	0	0	0	0	0	0	1	1	0	0	0	0	0	0	流云◆赤心巡天の链
1263	62	-1	62	5354	0	5354	12	0	12	200	0	200	0	0	0	0	0	0	0	0	0	0	1	1	0	0	0	0	0	0	流云◆赤心巡天の镯
1264	62	-1	62	5342	0	5342	12	0	12	200	0	200	0	0	0	0	0	0	0	0	0	0	1	1	0	0	0	0	0	0	流云◆赤心巡天の戒
1265	62	-1	62	5402	0	5402	12	0	12	200	0	200	0	0	0	0	0	0	0	0	0	0	1	1	0	0	0	0	0	0	流云◆赤心巡天の带
1266	62	-1	62	5390	0	5390	12	0	12	200	0	200	0	0	0	0	0	0	0	0	0	0	1	1	0	0	0	0	0	0	流云◆赤心巡天の靴
1267	71	-1	-1	2324	0	0	15	0	1	150	0	150	-215	-280	0	0	0	0	0	0	0	0	1	1	0	0	0	0	0	0	逆火◆杀戮赤炎の斩
1268	71	-1	-1	2344	0	0	15	0	1	150	0	150	-80	-110	0	0	0	0	0	0	0	0	1	1	0	0	0	0	0	0	逆火◆杀戮赤炎の袍
1269	62	-1	62	5438	0	5438	12	0	12	200	0	200	0	0	0	0	0	0	0	0	0	0	1	1	0	0	0	0	0	0	逆火◆杀戮赤炎の盔
1270	62	-1	62	5450	0	5450	12	0	12	200	0	200	0	0	0	0	0	0	0	0	0	0	1	1	0	0	0	0	0	0	逆火◆杀戮赤炎の链
1271	62	-1	62	5426	0	5426	12	0	12	200	0	200	0	0	0	0	0	0	0	0	0	0	1	1	0	0	0	0	0	0	逆火◆杀戮赤炎の镯
1272	62	-1	62	5414	0	5414	12	0	12	200	0	200	0	0	0	0	0	0	0	0	0	0	1	1	0	0	0	0	0	0	逆火◆杀戮赤炎の戒
1273	62	-1	62	5474	0	5474	12	0	12	200	0	200	0	0	0	0	0	0	0	0	0	0	1	1	0	0	0	0	0	0	逆火◆杀戮赤炎の带
1274	62	-1	62	5462	0	5462	12	0	12	200	0	200	0	0	0	0	0	0	0	0	0	0	1	1	0	0	0	0	0	0	逆火◆杀戮赤炎の靴
1275	71	-1	-1	2374	0	0	15	0	1	150	0	150	-195	-250	0	0	0	0	0	0	0	0	1	1	0	0	0	0	0	0	皓月◆不死不灭の斩
1276	71	-1	-1	2394	0	0	15	0	1	150	0	150	-80	-110	0	0	0	0	0	0	0	0	1	1	0	0	0	0	0	0	皓月◆不死不灭の袍
1277	62	-1	62	5510	0	5510	12	0	12	200	0	200	0	0	0	0	0	0	0	0	0	0	1	1	0	0	0	0	0	0	皓月◆不死不灭の盔
1278	62	-1	62	5522	0	5522	12	0	12	200	0	200	0	0	0	0	0	0	0	0	0	0	1	1	0	0	0	0	0	0	皓月◆不死不灭の链
1279	62	-1	62	5498	0	5498	12	0	12	200	0	200	0	0	0	0	0	0	0	0	0	0	1	1	0	0	0	0	0	0	皓月◆不死不灭の镯
1280	62	-1	62	5486	0	5486	12	0	12	200	0	200	0	0	0	0	0	0	0	0	0	0	1	1	0	0	0	0	0	0	皓月◆不死不灭の戒
1281	62	-1	62	5546	0	5546	12	0	12	200	0	200	0	0	0	0	0	0	0	0	0	0	1	1	0	0	0	0	0	0	皓月◆不死不灭の带
1282	62	-1	62	5534	0	5534	12	0	12	200	0	200	0	0	0	0	0	0	0	0	0	0	1	1	0	0	0	0	0	0	皓月◆不死不灭の靴
1283	71	-1	-1	2424	0	0	15	0	1	150	0	150	-215	-280	0	0	0	0	0	0	0	0	1	1	0	0	0	0	0	0	摘星◆鬼王蚀日の斩
1284	71	-1	-1	2444	0	0	15	0	1	150	0	150	-80	-150	0	0	0	0	0	0	0	0	1	1	0	0	0	0	0	0	摘星◆鬼王蚀日の袍
1285	62	-1	62	5654	0	5654	12	0	12	200	0	200	0	0	0	0	0	0	0	0	0	0	1	1	0	0	0	0	0	0	摘星◆鬼王蚀日の盔
1286	62	-1	62	5666	0	5666	12	0	12	200	0	200	0	0	0	0	0	0	0	0	0	0	1	1	0	0	0	0	0	0	摘星◆鬼王蚀日の链
1287	62	-1	62	5642	0	5642	12	0	12	200	0	200	0	0	0	0	0	0	0	0	0	0	1	1	0	0	0	0	0	0	摘星◆鬼王蚀日の镯|摘星◆鬼王蚀日の腕
1288	62	-1	62	5630	0	5630	12	0	12	200	0	200	0	0	0	0	0	0	0	0	0	0	1	1	0	0	0	0	0	0	摘星◆鬼王蚀日の指|摘星◆鬼王蚀日の戒
1289	62	-1	62	5690	0	5690	12	0	12	200	0	200	0	0	0	0	0	0	0	0	0	0	1	1	0	0	0	0	0	0	摘星◆鬼王蚀日の带
1290	62	-1	62	5678	0	5678	12	0	12	200	0	200	0	0	0	0	0	0	0	0	0	0	1	1	0	0	0	0	0	0	摘星◆鬼王蚀日の靴
1291	71	-1	-1	2474	0	0	15	0	1	150	0	150	-215	-280	0	0	0	0	0	0	0	0	1	1	0	0	0	0	0	0	星痕◆九阴勾魂の斩
1292	71	-1	-1	2494	0	0	15	0	1	150	0	150	-80	-110	0	0	0	0	0	0	0	0	1	1	0	0	0	0	0	0	星痕◆九阴勾魂の袍
1293	62	-1	62	5798	0	5798	12	0	12	200	0	200	0	0	0	0	0	0	0	0	0	0	1	1	0	0	0	0	0	0	星痕◆九阴勾魂の盔
1294	62	-1	62	5810	0	5810	12	0	12	200	0	200	0	0	0	0	0	0	0	0	0	0	1	1	0	0	0	0	0	0	星痕◆九阴勾魂の链
1295	62	-1	62	5786	0	5786	12	0	12	200	0	200	0	0	0	0	0	0	0	0	0	0	1	1	0	0	0	0	0	0	星痕◆九阴勾魂の腕|星痕◆九阴勾魂の镯
1296	62	-1	62	5774	0	5774	12	0	12	200	0	200	0	0	0	0	0	0	0	0	0	0	1	1	0	0	0	0	0	0	星痕◆九阴勾魂の戒|星痕◆九阴勾魂の指
1297	62	-1	62	5834	0	5834	12	0	12	200	0	200	0	0	0	0	0	0	0	0	0	0	1	1	0	0	0	0	0	0	星痕◆九阴勾魂の带
1298	62	-1	62	5822	0	5822	12	0	12	200	0	200	0	0	0	0	0	0	0	0	0	0	1	1	0	0	0	0	0	0	星痕◆九阴勾魂の靴
1299	71	-1	-1	2674	0	0	15	0	1	150	0	150	-205	-250	0	0	0	0	0	0	0	0	1	1	0	0	0	0	0	0	浮生◆五虎断魂の斩
1300	71	-1	-1	2694	0	0	15	0	1	150	0	150	-75	-140	0	0	0	0	0	0	0	0	1	1	0	0	0	0	0	0	浮生◆五虎断魂の袍
1301	62	-1	62	5870	0	5870	12	0	12	200	0	200	0	0	0	0	0	0	0	0	0	0	1	1	0	0	0	0	0	0	浮生◆五虎断魂の盔
1302	62	-1	62	5882	0	5882	12	0	12	200	0	200	0	0	0	0	0	0	0	0	0	0	1	1	0	0	0	0	0	0	浮生◆五虎断魂の链
1303	62	-1	62	5858	0	5858	12	0	12	200	0	200	0	0	0	0	0	0	0	0	0	0	1	1	0	0	0	0	0	0	浮生◆五虎断魂の腕|浮生◆五虎断魂の镯
1304	62	-1	62	5846	0	5846	12	0	12	200	0	200	0	0	0	0	0	0	0	0	0	0	1	1	0	0	0	0	0	0	浮生◆五虎断魂の指|浮生◆五虎断魂の戒
1305	62	-1	62	5906	0	5906	12	0	12	200	0	200	0	0	0	0	0	0	0	0	0	0	1	1	0	0	0	0	0	0	浮生◆五虎断魂の带
1306	62	-1	62	5894	0	5894	12	0	12	200	0	200	0	0	0	0	0	0	0	0	0	0	1	1	0	0	0	0	0	0	浮生◆五虎断魂の靴
1307	71	-1	-1	2724	0	0	15	0	1	150	0	150	-182	-240	0	0	0	0	0	0	0	0	1	1	0	0	0	0	0	0	龙鸣◆刑天之逆の斩
1308	71	-1	-1	3098	0	0	15	0	1	150	0	150	-85	-115	0	0	0	0	0	0	0	0	1	1	0	0	0	0	0	0	龙鸣◆刑天之逆の袍
1309	62	-1	62	360	0	360	12	0	12	200	0	200	0	0	0	0	0	0	0	0	0	0	1	1	0	0	0	0	0	0	龙鸣◆刑天之逆の盔
1310	62	-1	62	372	0	372	12	0	12	200	0	200	0	0	0	0	0	0	0	0	0	0	1	1	0	0	0	0	0	0	龙鸣◆刑天之逆の链
1311	62	-1	62	384	0	384	12	0	12	200	0	200	0	0	0	0	0	0	0	0	0	0	1	1	0	0	0	0	0	0	龙鸣◆刑天之逆の镯|龙鸣◆刑天之逆の腕
1312	62	-1	62	396	0	396	12	0	12	200	0	200	0	0	0	0	0	0	0	0	0	0	1	1	0	0	0	0	0	0	龙鸣◆刑天之逆の指|龙鸣◆刑天之逆の戒
1313	62	-1	62	408	0	408	12	0	12	200	0	200	0	0	0	0	0	0	0	0	0	0	1	1	0	0	0	0	0	0	龙鸣◆刑天之逆の带
1314	62	-1	62	420	0	420	12	0	12	200	0	200	0	0	0	0	0	0	0	0	0	0	1	1	0	0	0	0	0	0	龙鸣◆刑天之逆の靴
1315	71	-1	-1	2774	0	0	15	0	1	150	0	150	-218	-280	0	0	0	0	0	0	0	0	1	1	0	0	0	0	0	0	浩气◆雷动八荒の斩
1316	71	-1	-1	2794	0	0	20	0	1	150	0	150	-80	-115	0	0	0	0	0	0	0	0	1	1	0	0	0	0	0	0	浩气◆雷动八荒の袍
1317	62	-1	62	288	0	288	12	0	12	200	0	200	0	0	0	0	0	0	0	0	0	0	1	1	0	0	0	0	0	0	浩气◆雷动八荒の盔
1318	62	-1	62	300	0	300	12	0	12	200	0	200	0	0	0	0	0	0	0	0	0	0	1	1	0	0	0	0	0	0	浩气◆雷动八荒の链
1319	62	-1	62	312	0	312	12	0	12	200	0	200	0	0	0	0	0	0	0	0	0	0	1	1	0	0	0	0	0	0	浩气◆雷动八荒の镯|浩气◆雷动八荒の腕
1320	62	-1	62	324	0	324	12	0	12	200	0	200	0	0	0	0	0	0	0	0	0	0	1	1	0	0	0	0	0	0	浩气◆雷动八荒の戒|浩气◆雷动八荒の指
1321	62	-1	62	336	0	336	12	0	12	200	0	200	0	0	0	0	0	0	0	0	0	0	1	1	0	0	0	0	0	0	浩气◆雷动八荒の带
1322	62	-1	62	348	0	348	12	0	12	200	0	200	0	0	0	0	0	0	0	0	0	0	1	1	0	0	0	0	0	0	浩气◆雷动八荒の靴
1323	71	-1	-1	2274	0	0	10	0	1	150	0	150	-202	-240	0	0	0	0	0	0	0	0	1	1	0	0	0	0	0	0	飞龙◆十方诛魔の斩
1324	71	-1	-1	2294	0	0	30	0	1	150	0	150	-80	-105	0	0	0	0	0	0	0	0	1	1	0	0	0	0	0	0	飞龙◆十方诛魔の袍
1325	62	-1	62	216	0	216	12	0	12	200	0	200	0	0	0	0	0	0	0	0	0	0	1	1	0	0	0	0	0	0	飞龙◆十方诛魔の盔
1326	62	-1	62	228	0	228	12	0	12	200	0	200	0	0	0	0	0	0	0	0	0	0	1	1	0	0	0	0	0	0	飞龙◆十方诛魔の链
1327	62	-1	62	240	0	240	12	0	12	200	0	200	0	0	0	0	0	0	0	0	0	0	1	1	0	0	0	0	0	0	飞龙◆十方诛魔の镯|飞龙◆十方诛魔の腕
1328	62	-1	62	252	0	252	12	0	12	200	0	200	0	0	0	0	0	0	0	0	0	0	1	1	0	0	0	0	0	0	飞龙◆十方诛魔の戒|飞龙◆十方诛魔の指
1329	62	-1	62	264	0	264	12	0	12	200	0	200	0	0	0	0	0	0	0	0	0	0	1	1	0	0	0	0	0	0	飞龙◆十方诛魔の带
1330	62	-1	62	276	0	276	12	0	12	200	0	200	0	0	0	0	0	0	0	0	0	0	1	1	0	0	0	0	0	0	飞龙◆十方诛魔の靴
1331	71	-1	-1	3048	0	0	10	0	1	150	0	150	-192	-240	0	0	0	0	0	0	0	0	1	1	0	0	0	0	0	0	倚天◆毁天灭地の斩
1332	71	-1	-1	3068	0	0	10	0	1	150	0	150	-75	-115	0	0	0	0	0	0	0	0	1	1	0	0	0	0	0	0	倚天◆毁天灭地の袍
1333	62	-1	62	72	0	72	12	0	12	200	0	200	0	0	0	0	0	0	0	0	0	0	1	1	0	0	0	0	0	0	倚天◆毁天灭地の盔
1334	62	-1	62	84	0	84	12	0	12	200	0	200	0	0	0	0	0	0	0	0	0	0	1	1	0	0	0	0	0	0	倚天◆毁天灭地の链
1335	62	-1	62	96	0	96	12	0	12	200	0	200	0	0	0	0	0	0	0	0	0	0	1	1	0	0	0	0	0	0	倚天◆毁天灭地の镯|倚天◆毁天灭地の腕
1336	62	-1	62	108	0	108	12	0	12	200	0	200	0	0	0	0	0	0	0	0	0	0	1	1	0	0	0	0	0	0	倚天◆毁天灭地の戒|倚天◆毁天灭地の指
1337	62	-1	62	120	0	120	12	0	12	200	0	200	0	0	0	0	0	0	0	0	0	0	1	1	0	0	0	0	0	0	倚天◆毁天灭地の带
1338	62	-1	62	132	0	132	12	0	12	200	0	200	0	0	0	0	0	0	0	0	0	0	1	1	0	0	0	0	0	0	倚天◆毁天灭地の靴
1339	71	-1	-1	2998	0	0	15	0	1	150	0	150	-192	-240	0	0	0	0	0	0	0	0	1	1	0	0	0	0	0	0	诸天◆我欲封天の斩
1340	71	-1	-1	3018	0	0	15	0	1	150	0	150	-80	-105	0	0	0	0	0	0	0	0	1	1	0	0	0	0	0	0	诸天◆我欲封天の袍
1341	62	-1	62	0	0	0	12	0	12	200	0	200	0	0	0	0	0	0	0	0	0	0	1	1	0	0	0	0	0	0	诸天◆我欲封天の盔
1342	62	-1	62	12	0	12	12	0	12	200	0	200	0	0	0	0	0	0	0	0	0	0	1	1	0	0	0	0	0	0	诸天◆我欲封天の链
1343	62	-1	62	24	0	24	12	0	12	200	0	200	0	0	0	0	0	0	0	0	0	0	1	1	0	0	0	0	0	0	诸天◆我欲封天の腕|诸天◆我欲封天の镯
1344	62	-1	62	36	0	36	12	0	12	200	0	200	0	0	0	0	0	0	0	0	0	0	1	1	0	0	0	0	0	0	诸天◆我欲封天の指|诸天◆我欲封天の戒
1345	62	-1	62	48	0	48	12	0	12	200	0	200	0	0	0	0	0	0	0	0	0	0	1	1	0	0	0	0	0	0	诸天◆我欲封天の带
1346	62	-1	62	60	0	60	12	0	12	200	0	200	0	0	0	0	0	0	0	0	0	0	1	1	0	0	0	0	0	0	诸天◆我欲封天の靴
1347	76	-1	-1	573	0	0	10	0	1	200	0	150	-290	-380	0	0	0	0	0	0	0	0	1	1	0	0	0	0	0	0	山有木兮木有枝≮1.0倍≯
1348	76	-1	-1	585	0	0	10	0	1	150	0	150	-190	-210	0	0	0	0	0	0	0	0	1	1	0	0	0	0	0	0	山有木兮木有枝≮1.0倍≯甲
1349	77	-1	77	4432	0	4432	12	0	12	200	0	200	0	0	0	0	0	0	0	0	0	0	1	1	0	0	0	0	0	0	山有木兮木有枝≮1.0倍≯盔
1350	77	-1	77	4444	0	4444	12	0	12	200	0	200	0	0	0	0	0	0	0	0	0	0	1	1	0	0	0	0	0	0	山有木兮木有枝≮1.0倍≯链
1351	77	-1	77	4456	0	4456	12	0	12	200	0	200	0	0	0	0	0	0	0	0	0	0	1	1	0	0	0	0	0	0	山有木兮木有枝≮1.0倍≯镯|山有木兮木有枝≮1.0倍≯腕
1352	77	-1	77	4468	0	4468	12	0	12	200	0	200	0	0	0	0	0	0	0	0	0	0	1	1	0	0	0	0	0	0	山有木兮木有枝≮1.0倍≯戒|山有木兮木有枝≮1.0倍≯指
1353	77	-1	77	4480	0	4480	12	0	12	200	0	200	0	0	0	0	0	0	0	0	0	0	1	1	0	0	0	0	0	0	山有木兮木有枝≮1.0倍≯带
1354	77	-1	77	4492	0	4492	10	0	10	200	0	200	0	0	0	0	0	0	0	0	0	0	1	1	0	0	0	0	0	0	山有木兮木有枝≮1.0倍≯靴
1355	76	-1	-1	597	0	0	10	0	1	200	0	150	-315	-380	0	0	0	0	0	0	0	0	1	1	0	0	0	0	0	0	心悦君兮君不知≮2.0倍≯
1356	76	-1	-1	609	0	0	10	0	1	200	0	150	-200	-215	0	0	0	0	0	0	0	0	1	1	0	0	0	0	0	0	心悦君兮君不知≮2.0倍≯甲
1357	77	-1	77	4288	0	4288	12	0	12	200	0	200	0	0	0	0	0	0	0	0	0	0	1	1	0	0	0	0	0	0	心悦君兮君不知≮2.0倍≯盔
1358	77	-1	77	4300	0	4300	12	0	12	200	0	200	0	0	0	0	0	0	0	0	0	0	1	1	0	0	0	0	0	0	心悦君兮君不知≮2.0倍≯链
1359	77	-1	77	4312	0	4312	12	0	12	200	0	200	0	0	0	0	0	0	0	0	0	0	1	1	0	0	0	0	0	0	心悦君兮君不知≮2.0倍≯镯|心悦君兮君不知≮2.0倍≯腕
1360	77	-1	77	4324	0	4324	12	0	12	200	0	200	0	0	0	0	0	0	0	0	0	0	1	1	0	0	0	0	0	0	心悦君兮君不知≮2.0倍≯指|心悦君兮君不知≮2.0倍≯戒
1361	77	-1	77	4336	0	4336	12	0	12	200	0	200	0	0	0	0	0	0	0	0	0	0	1	1	0	0	0	0	0	0	心悦君兮君不知≮2.0倍≯带
1362	77	-1	77	4348	0	4348	12	0	12	200	0	200	0	0	0	0	0	0	0	0	0	0	1	1	0	0	0	0	0	0	心悦君兮君不知≮2.0倍≯靴
1363	76	-1	-1	621	0	0	10	0	1	200	0	150	-315	-380	0	0	0	0	0	0	0	0	1	1	0	0	0	0	0	0	曾经沧海难为水≮3.0倍≯
1364	76	-1	-1	633	0	0	10	0	1	150	0	150	-190	-210	0	0	0	0	0	0	0	0	1	1	0	0	0	0	0	0	曾经沧海难为水≮3.0倍≯甲
1365	77	-1	77	4360	0	4360	12	0	12	200	0	200	0	0	0	0	0	0	0	0	0	0	1	1	0	0	0	0	0	0	曾经沧海难为水≮3.0倍≯盔
1366	77	-1	77	4372	0	4372	12	0	12	200	0	200	0	0	0	0	0	0	0	0	0	0	1	1	0	0	0	0	0	0	曾经沧海难为水≮3.0倍≯链
1367	77	-1	77	4384	0	4384	12	0	12	200	0	200	0	0	0	0	0	0	0	0	0	0	1	1	0	0	0	0	0	0	曾经沧海难为水≮3.0倍≯镯|曾经沧海难为水≮3.0倍≯腕
1368	77	-1	77	4396	0	4396	12	0	12	200	0	200	0	0	0	0	0	0	0	0	0	0	1	1	0	0	0	0	0	0	曾经沧海难为水≮3.0倍≯指|曾经沧海难为水≮3.0倍≯戒
1369	77	-1	77	4408	0	4408	12	0	12	200	0	200	0	0	0	0	0	0	0	0	0	0	1	1	0	0	0	0	0	0	曾经沧海难为水≮3.0倍≯带
1370	77	-1	77	4420	0	4420	12	0	12	200	0	200	0	0	0	0	0	0	0	0	0	0	1	1	0	0	0	0	0	0	曾经沧海难为水≮3.0倍≯靴
1371	76	-1	-1	645	0	0	12	0	1	200	0	200	-275	-375	0	0	0	0	0	0	0	0	1	0	0	0	0	0	0	0	除却巫山不是云≮4.0倍≯
1372	76	-1	-1	657	0	0	12	0	1	200	0	200	-190	-210	0	0	0	0	0	0	0	0	1	0	0	0	0	0	0	0	除却巫山不是云≮4.0倍≯甲
1373	77	-1	77	4228	0	4228	12	0	12	200	0	200	0	0	0	0	0	0	0	0	0	0	1	1	0	0	0	0	0	0	除却巫山不是云≮4.0倍≯盔
1374	77	-1	77	4240	0	4240	12	0	12	200	0	200	0	0	0	0	0	0	0	0	0	0	1	1	0	0	0	0	0	0	除却巫山不是云≮4.0倍≯链
1375	77	-1	77	4252	0	4252	12	0	12	200	0	200	0	0	0	0	0	0	0	0	0	0	1	1	0	0	0	0	0	0	除却巫山不是云≮4.0倍≯镯|除却巫山不是云≮4.0倍≯腕
1376	77	-1	77	4216	0	4216	12	0	12	200	0	200	0	0	0	0	0	0	0	0	0	0	1	1	0	0	0	0	0	0	除却巫山不是云≮4.0倍≯指|除却巫山不是云≮4.0倍≯戒
1377	77	-1	77	4264	0	4264	12	0	12	200	0	200	0	0	0	0	0	0	0	0	0	0	1	1	0	0	0	0	0	0	除却巫山不是云≮4.0倍≯带
1378	77	-1	77	4276	0	4264	12	0	12	200	0	200	0	0	0	0	0	0	0	0	0	0	1	1	0	0	0	0	0	0	除却巫山不是云≮4.0倍≯靴
1379	76	-1	-1	360	0	0	12	0	1	200	0	200	-320	-400	0	0	0	0	0	0	0	0	1	0	0	0	0	0	0	0	玲珑骰子安红豆≮5.0倍≯
1380	76	-1	-1	372	0	0	12	0	1	200	0	200	-190	-210	0	0	0	0	0	0	0	0	1	0	0	0	0	0	0	0	玲珑骰子安红豆≮5.0倍≯甲
1381	77	-1	77	2020	0	2020	10	0	10	200	0	200	0	0	0	0	0	0	0	0	0	0	1	1	0	0	0	0	0	0	玲珑骰子安红豆≮5.0倍≯盔
1382	77	-1	77	2016	0	2016	10	0	10	200	0	200	0	0	0	0	0	0	0	0	0	0	1	1	0	0	0	0	0	0	玲珑骰子安红豆≮5.0倍≯链
1383	77	-1	77	2032	0	2032	10	0	10	200	0	200	0	0	0	0	0	0	0	0	0	0	1	1	0	0	0	0	0	0	玲珑骰子安红豆≮5.0倍≯镯|玲珑骰子安红豆≮5.0倍≯腕
1384	77	-1	77	2048	0	2048	10	0	10	200	0	200	0	0	0	0	0	0	0	0	0	0	1	1	0	0	0	0	0	0	玲珑骰子安红豆≮5.0倍≯戒|玲珑骰子安红豆≮5.0倍≯指
1385	77	-1	77	2048	0	2064	10	0	10	200	0	200	0	0	0	0	0	0	0	0	0	0	1	1	0	0	0	0	0	0	玲珑骰子安红豆≮5.0倍≯带
1386	77	-1	77	2080	0	2080	10	0	10	200	0	200	0	0	0	0	0	0	0	0	0	0	1	1	0	0	0	0	0	0	玲珑骰子安红豆≮5.0倍≯靴
1387	76	-1	-1	408	0	0	12	0	1	200	0	200	-300	-360	0	0	0	0	0	0	0	0	1	0	0	0	0	0	0	0	入骨相思知不知≮10.0倍≯
1388	76	-1	-1	420	0	0	12	0	1	200	0	200	-198	-212	0	0	0	0	0	0	0	0	1	0	0	0	0	0	0	0	入骨相思知不知≮10.0倍≯甲
1389	77	-1	77	2095	0	2095	10	0	10	200	0	200	0	0	0	0	0	0	0	0	0	0	1	1	0	0	0	0	0	0	入骨相思知不知≮10.0倍≯盔
1390	77	-1	77	2115	0	2115	10	0	10	200	0	200	0	0	0	0	0	0	0	0	0	0	1	1	0	0	0	0	0	0	入骨相思知不知≮10.0倍≯链
1391	77	-1	77	2135	0	2135	10	0	10	200	0	200	0	0	0	0	0	0	0	0	0	0	1	1	0	0	0	0	0	0	入骨相思知不知≮10.0倍≯腕|入骨相思知不知≮10.0倍≯镯
1392	77	-1	77	2135	0	2155	10	0	10	200	0	200	0	0	0	0	0	0	0	0	0	0	1	1	0	0	0	0	0	0	入骨相思知不知≮10.0倍≯戒|入骨相思知不知≮10.0倍≯指
1393	77	-1	77	2175	0	2195	10	0	10	200	0	200	0	0	0	0	0	0	0	0	0	0	1	1	0	0	0	0	0	0	入骨相思知不知≮10.0倍≯带
1394	77	-1	77	2175	0	2175	10	0	10	200	0	200	0	0	0	0	0	0	0	0	0	0	1	1	0	0	0	0	0	0	入骨相思知不知≮10.0倍≯靴
1395	76	-1	-1	432	0	0	12	0	1	200	0	200	-290	-360	0	0	0	0	0	0	0	0	1	0	0	0	0	0	0	0	两情若是久长时≮20.0倍≯
1396	76	-1	-1	444	0	0	12	0	1	200	0	200	-190	-210	0	0	0	0	0	0	0	0	1	0	0	0	0	0	0	0	两情若是久长时≮20.0倍≯甲
1397	77	-1	77	2235	0	2215	8	0	8	200	0	200	0	0	0	0	0	0	0	0	0	0	1	1	0	0	0	0	0	0	两情若是久长时≮20.0倍≯盔
1398	77	-1	77	2235	0	2235	8	0	8	200	0	200	0	0	0	0	0	0	0	0	0	0	1	1	0	0	0	0	0	0	两情若是久长时≮20.0倍≯链
1399	77	-1	77	2255	0	2255	8	0	8	200	0	200	0	0	0	0	0	0	0	0	0	0	1	1	0	0	0	0	0	0	两情若是久长时≮20.0倍≯腕|两情若是久长时≮20.0倍≯镯
1400	77	-1	77	2275	0	2275	8	0	8	200	0	200	0	0	0	0	0	0	0	0	0	0	1	1	0	0	0	0	0	0	两情若是久长时≮20.0倍≯戒|两情若是久长时≮20.0倍≯指
1401	77	-1	77	2295	0	2315	8	0	8	200	0	200	0	0	0	0	0	0	0	0	0	0	1	1	0	0	0	0	0	0	两情若是久长时≮20.0倍≯带
1402	77	-1	77	2295	0	2295	8	0	8	200	0	200	0	0	0	0	0	0	0	0	0	0	1	1	0	0	0	0	0	0	两情若是久长时≮20.0倍≯靴
1403	76	-1	-1	456	0	0	12	0	1	200	0	200	-295	-360	0	0	0	0	0	0	0	0	1	0	0	0	0	0	0	0	又岂在朝朝暮暮≮30.0倍≯
1404	76	-1	-1	468	0	0	12	0	1	200	0	200	-190	-210	0	0	0	0	0	0	0	0	1	0	0	0	0	0	0	0	又岂在朝朝暮暮≮30.0倍≯甲
1405	77	-1	77	2355	0	2335	10	0	10	200	0	200	0	0	0	0	0	0	0	0	0	0	1	1	0	0	0	0	0	0	又岂在朝朝暮暮≮30.0倍≯盔
1406	77	-1	77	2355	0	2355	10	0	10	200	0	200	0	0	0	0	0	0	0	0	0	0	1	1	0	0	0	0	0	0	又岂在朝朝暮暮≮30.0倍≯链
1407	77	-1	77	2375	0	2375	10	0	10	200	0	200	0	0	0	0	0	0	0	0	0	0	1	1	0	0	0	0	0	0	又岂在朝朝暮暮≮30.0倍≯腕|又岂在朝朝暮暮≮30.0倍≯镯
1408	77	-1	77	2395	0	2395	10	0	10	200	0	200	0	0	0	0	0	0	0	0	0	0	1	1	0	0	0	0	0	0	又岂在朝朝暮暮≮30.0倍≯戒|又岂在朝朝暮暮≮30.0倍≯指
1409	77	-1	77	2435	0	2435	10	0	10	200	0	200	0	0	0	0	0	0	0	0	0	0	1	1	0	0	0	0	0	0	又岂在朝朝暮暮≮30.0倍≯带
1410	77	-1	77	2415	0	2415	10	0	10	200	0	200	0	0	0	0	0	0	0	0	0	0	1	1	0	0	0	0	0	0	又岂在朝朝暮暮≮30.0倍≯靴
1411	76	-1	-1	480	0	0	12	0	1	200	0	200	-319	-417	0	0	0	0	0	0	0	0	1	0	0	0	0	0	0	0	身无彩凤双飞翼≮40.0倍≯
1412	76	-1	-1	492	0	0	12	0	1	200	0	200	-200	-210	0	0	0	0	0	0	0	0	1	0	0	0	0	0	0	0	身无彩凤双飞翼≮40.0倍≯甲
1413	77	-1	77	2453	0	2453	11	0	11	200	0	200	0	0	0	0	0	0	0	0	0	0	1	1	0	0	0	0	0	0	身无彩凤双飞翼≮40.0倍≯盔
1414	77	-1	77	2465	0	2465	11	0	11	200	0	200	0	0	0	0	0	0	0	0	0	0	1	1	0	0	0	0	0	0	身无彩凤双飞翼≮40.0倍≯链
1415	77	-1	77	2477	0	2477	11	0	11	200	0	200	0	0	0	0	0	0	0	0	0	0	1	1	0	0	0	0	0	0	身无彩凤双飞翼≮40.0倍≯腕|身无彩凤双飞翼≮40.0倍≯镯
1416	77	-1	77	2489	0	2489	11	0	11	200	0	200	0	0	0	0	0	0	0	0	0	0	1	1	0	0	0	0	0	0	身无彩凤双飞翼≮40.0倍≯戒|身无彩凤双飞翼≮40.0倍≯指
1417	77	-1	77	2501	0	2501	11	0	11	200	0	200	0	0	0	0	0	0	0	0	0	0	1	1	0	0	0	0	0	0	身无彩凤双飞翼≮40.0倍≯带
1418	77	-1	77	2501	0	2513	11	0	11	200	0	200	0	0	0	0	0	0	0	0	0	0	1	1	0	0	0	0	0	0	身无彩凤双飞翼≮40.0倍≯靴
1419	76	-1	-1	504	0	0	8	0	1	200	0	200	-190	-380	0	0	0	0	0	0	0	0	1	0	0	0	0	0	0	0	心有灵犀一点通≮50.0倍≯
1420	76	-1	-1	513	0	0	12	0	1	200	0	200	-190	-210	0	0	0	0	0	0	0	0	1	0	0	0	0	0	0	0	心有灵犀一点通≮50.0倍≯甲
1421	77	-1	77	2525	0	2525	11	0	11	200	0	200	0	0	0	0	0	0	0	0	0	0	1	1	0	0	0	0	0	0	心有灵犀一点通≮50.0倍≯盔
1422	77	-1	77	2541	0	2541	11	0	11	200	0	200	0	0	0	0	0	0	0	0	0	0	1	1	0	0	0	0	0	0	心有灵犀一点通≮50.0倍≯链
1423	77	-1	77	2557	0	2557	11	0	11	200	0	200	0	0	0	0	0	0	0	0	0	0	1	1	0	0	0	0	0	0	心有灵犀一点通≮50.0倍≯腕|心有灵犀一点通≮50.0倍≯镯
1424	77	-1	77	2573	0	2573	11	0	11	200	0	200	0	0	0	0	0	0	0	0	0	0	1	1	0	0	0	0	0	0	心有灵犀一点通≮50.0倍≯戒|心有灵犀一点通≮50.0倍≯指
1425	77	-1	77	2589	0	2589	11	0	11	200	0	200	0	0	0	0	0	0	0	0	0	0	1	1	0	0	0	0	0	0	心有灵犀一点通≮50.0倍≯带
1426	77	-1	77	2605	0	2605	11	0	11	200	0	200	0	0	0	0	0	0	0	0	0	0	1	1	0	0	0	0	0	0	心有灵犀一点通≮50.0倍≯靴
1427	76	-1	-1	525	0	0	12	0	1	200	0	200	-280	-360	0	0	0	0	0	0	0	0	1	0	0	0	0	0	0	0	愿得此身长报国≮60.0倍≯
1428	76	-1	-1	537	0	0	12	0	1	200	0	200	-200	-210	0	0	0	0	0	0	0	0	1	0	0	0	0	0	0	0	愿得此身长报国≮60.0倍≯甲
1429	77	-1	77	2621	0	2621	11	0	11	200	0	200	0	0	0	0	0	0	0	0	0	0	1	1	0	0	0	0	0	0	愿得此身长报国≮60.0倍≯盔
1430	77	-1	77	2637	0	2637	11	0	11	200	0	200	0	0	0	0	0	0	0	0	0	0	1	1	0	0	0	0	0	0	愿得此身长报国≮60.0倍≯链
1431	77	-1	77	2653	0	2653	11	0	11	200	0	200	0	0	0	0	0	0	0	0	0	0	1	1	0	0	0	0	0	0	愿得此身长报国≮60.0倍≯镯|愿得此身长报国≮60.0倍≯腕
1432	77	-1	77	2669	0	2669	11	0	11	200	0	200	0	0	0	0	0	0	0	0	0	0	1	1	0	0	0	0	0	0	愿得此身长报国≮60.0倍≯戒|愿得此身长报国≮60.0倍≯指
1433	77	-1	77	2685	0	2685	11	0	11	200	0	200	0	0	0	0	0	0	0	0	0	0	1	1	0	0	0	0	0	0	愿得此身长报国≮60.0倍≯带
1434	77	-1	77	2701	0	2701	11	0	11	200	0	200	0	0	0	0	0	0	0	0	0	0	1	1	0	0	0	0	0	0	愿得此身长报国≮60.0倍≯靴
1435	76	-1	-1	0	0	0	12	0	1	200	0	200	-285	-335	0	0	0	0	0	0	0	0	1	0	0	0	0	0	0	0	何须生入玉门关≮70.0倍≯
1436	76	-1	-1	60	0	0	12	0	1	200	0	200	-185	-190	0	0	0	0	0	0	0	0	1	0	0	0	0	0	0	0	何须生入玉门关≮70.0倍≯甲
1437	77	-1	77	2716	0	2716	10	0	10	200	0	200	0	0	0	0	0	0	0	0	0	0	1	1	0	0	0	0	0	0	何须生入玉门关≮70.0倍≯盔
1438	77	-1	77	2732	0	2732	10	0	10	200	0	200	0	0	0	0	0	0	0	0	0	0	1	1	0	0	0	0	0	0	何须生入玉门关≮70.0倍≯链
1439	77	-1	77	2748	0	2748	12	0	12	200	0	200	0	0	0	0	0	0	0	0	0	0	1	1	0	0	0	0	0	0	何须生入玉门关≮70.0倍≯腕|何须生入玉门关≮70.0倍≯镯
1440	77	-1	77	2764	0	2764	12	0	12	200	0	200	0	0	0	0	0	0	0	0	0	0	1	1	0	0	0	0	0	0	何须生入玉门关≮70.0倍≯指|何须生入玉门关≮70.0倍≯戒
1441	77	-1	77	2780	0	2780	12	0	12	200	0	200	0	0	0	0	0	0	0	0	0	0	1	1	0	0	0	0	0	0	何须生入玉门关≮70.0倍≯带
1442	77	-1	77	2796	0	2796	12	0	12	200	0	200	0	0	0	0	0	0	0	0	0	0	1	1	0	0	0	0	0	0	何须生入玉门关≮70.0倍≯靴
1443	76	-1	-1	168	0	0	12	0	1	200	0	200	-305	-355	0	0	0	0	0	0	0	0	1	0	0	0	0	0	0	0	山回路转不见君≮80.0倍≯
1444	76	-1	-1	180	0	0	12	0	1	200	0	200	-190	-205	0	0	0	0	0	0	0	0	1	0	0	0	0	0	0	0	山回路转不见君≮80.0倍≯甲
1445	77	-1	77	2812	0	2812	12	0	12	200	0	200	0	0	0	0	0	0	0	0	0	0	1	1	0	0	0	0	0	0	山回路转不见君≮80.0倍≯盔
1446	77	-1	77	2824	0	2824	12	0	12	200	0	200	0	0	0	0	0	0	0	0	0	0	1	1	0	0	0	0	0	0	山回路转不见君≮80.0倍≯链
1447	77	-1	77	2836	0	2836	12	0	12	200	0	200	0	0	0	0	0	0	0	0	0	0	1	1	0	0	0	0	0	0	山回路转不见君≮80.0倍≯镯|山回路转不见君≮80.0倍≯腕
1448	77	-1	77	2848	0	2848	12	0	12	200	0	200	0	0	0	0	0	0	0	0	0	0	1	1	0	0	0	0	0	0	山回路转不见君≮80.0倍≯指|山回路转不见君≮80.0倍≯戒
1449	77	-1	77	2872	0	2872	12	0	12	200	0	200	0	0	0	0	0	0	0	0	0	0	1	1	0	0	0	0	0	0	山回路转不见君≮80.0倍≯带
1450	77	-1	77	2860	0	2860	12	0	12	200	0	200	0	0	0	0	0	0	0	0	0	0	1	1	0	0	0	0	0	0	山回路转不见君≮80.0倍≯靴
1451	76	-1	-1	144	0	0	12	0	1	200	0	200	-285	-365	0	0	0	0	0	0	0	0	1	0	0	0	0	0	0	0	雪上空留马行处≮90.0倍≯
1452	76	-1	-1	156	0	0	12	0	1	200	0	200	-185	-211	0	0	0	0	0	0	0	0	1	0	0	0	0	0	0	0	雪上空留马行处≮90.0倍≯甲
1453	77	-1	77	2884	0	2884	12	0	12	200	0	200	0	0	0	0	0	0	0	0	0	0	1	1	0	0	0	0	0	0	雪上空留马行处≮90.0倍≯盔
1454	77	-1	77	2896	0	2896	12	0	12	200	0	200	0	0	0	0	0	0	0	0	0	0	1	1	0	0	0	0	0	0	雪上空留马行处≮90.0倍≯链
1455	77	-1	77	2908	0	2908	12	0	12	200	0	200	0	0	0	0	0	0	0	0	0	0	1	1	0	0	0	0	0	0	雪上空留马行处≮90.0倍≯腕|雪上空留马行处≮90.0倍≯镯
1456	77	-1	77	2920	0	2920	12	0	12	200	0	200	0	0	0	0	0	0	0	0	0	0	1	1	0	0	0	0	0	0	雪上空留马行处≮90.0倍≯指|雪上空留马行处≮90.0倍≯戒
1457	77	-1	77	2932	0	2932	12	0	12	200	0	200	0	0	0	0	0	0	0	0	0	0	1	1	0	0	0	0	0	0	雪上空留马行处≮90.0倍≯带
1458	77	-1	77	2944	0	2944	11	0	11	200	0	200	0	0	0	0	0	0	0	0	0	0	1	1	0	0	0	0	0	0	雪上空留马行处≮90.0倍≯靴
1459	76	-1	-1	120	0	0	12	0	1	200	0	200	-260	-320	0	0	0	0	0	0	0	0	1	0	0	0	0	0	0	0	侯门一入深如海≮100.0倍≯
1460	76	-1	-1	132	0	0	12	0	1	200	0	200	-185	-180	0	0	0	0	0	0	0	0	1	0	0	0	0	0	0	0	侯门一入深如海≮100.0倍≯甲
1461	77	-1	77	2955	0	2955	16	0	16	200	0	200	0	0	0	0	0	0	0	0	0	0	1	1	0	0	0	0	0	0	侯门一入深如海≮100.0倍≯盔
1462	77	-1	77	2975	0	2975	16	0	16	200	0	200	0	0	0	0	0	0	0	0	0	0	1	1	0	0	0	0	0	0	侯门一入深如海≮100.0倍≯链
1463	77	-1	77	2995	0	2995	16	0	16	200	0	200	0	0	0	0	0	0	0	0	0	0	1	1	0	0	0	0	0	0	侯门一入深如海≮100.0倍≯镯|侯门一入深如海≮100.0倍≯腕
1464	77	-1	77	3015	0	3015	18	0	18	200	0	200	0	0	0	0	0	0	0	0	0	0	1	1	0	0	0	0	0	0	侯门一入深如海≮100.0倍≯指|侯门一入深如海≮100.0倍≯戒
1465	77	-1	77	3035	0	3035	18	0	18	200	0	200	0	0	0	0	0	0	0	0	0	0	1	1	0	0	0	0	0	0	侯门一入深如海≮100.0倍≯带
1466	77	-1	77	3055	0	3055	16	0	16	200	0	200	0	0	0	0	0	0	0	0	0	0	1	1	0	0	0	0	0	0	侯门一入深如海≮100.0倍≯靴
1467	76	-1	-1	72	0	0	12	0	1	200	0	200	-250	-330	0	0	0	0	0	0	0	0	1	0	0	0	0	0	0	0	从此萧郎是路人≮110.0倍≯
1468	76	-1	-1	84	0	0	12	0	1	200	0	200	-185	-200	0	0	0	0	0	0	0	0	1	0	0	0	0	0	0	0	从此萧郎是路人≮110.0倍≯甲
1469	77	-1	77	3314	0	3314	11	0	11	200	0	200	0	0	0	0	0	0	0	0	0	0	1	1	0	0	0	0	0	0	从此萧郎是路人≮110.0倍≯盔
1470	77	-1	77	3326	0	3326	11	0	11	200	0	200	0	0	0	0	0	0	0	0	0	0	1	1	0	0	0	0	0	0	从此萧郎是路人≮110.0倍≯链
1471	77	-1	77	3338	0	3338	11	0	11	200	0	200	0	0	0	0	0	0	0	0	0	0	1	1	0	0	0	0	0	0	从此萧郎是路人≮110.0倍≯镯|从此萧郎是路人≮110.0倍≯腕
1472	77	-1	77	3350	0	3350	11	0	11	200	0	200	0	0	0	0	0	0	0	0	0	0	1	1	0	0	0	0	0	0	从此萧郎是路人≮110.0倍≯戒|从此萧郎是路人≮110.0倍≯指
1473	77	-1	77	3374	0	3374	11	0	11	200	0	200	0	0	0	0	0	0	0	0	0	0	1	1	0	0	0	0	0	0	从此萧郎是路人≮110.0倍≯带
1474	77	-1	77	3362	0	3362	11	0	11	200	0	200	0	0	0	0	0	0	0	0	0	0	1	1	0	0	0	0	0	0	从此萧郎是路人≮110.0倍≯靴
1475	76	-1	-1	24	0	0	12	0	1	200	0	200	-280	-310	0	0	0	0	0	0	0	0	1	0	0	0	0	0	0	0	莫言贫贱即可欺≮120.0倍≯
1476	76	-1	-1	36	0	0	12	0	1	200	0	200	-185	-180	0	0	0	0	0	0	0	0	1	0	0	0	0	0	0	0	莫言贫贱即可欺≮120.0倍≯甲
1477	77	-1	77	3386	0	3386	11	0	11	200	0	200	0	0	0	0	0	0	0	0	0	0	1	1	0	0	0	0	0	0	莫言贫贱即可欺≮120.0倍≯盔
1478	77	-1	77	3404	0	3404	12	0	12	200	0	200	0	0	0	0	0	0	0	0	0	0	1	1	0	0	0	0	0	0	莫言贫贱即可欺≮120.0倍≯链
1479	77	-1	77	3422	0	3422	12	0	12	200	0	200	0	0	0	0	0	0	0	0	0	0	1	1	0	0	0	0	0	0	莫言贫贱即可欺≮120.0倍≯腕|莫言贫贱即可欺≮120.0倍≯镯
1480	77	-1	77	3441	0	3441	11	0	11	200	0	200	0	0	0	0	0	0	0	0	0	0	1	1	0	0	0	0	0	0	莫言贫贱即可欺≮120.0倍≯戒|莫言贫贱即可欺≮120.0倍≯指
1481	77	-1	77	3458	0	3458	12	0	12	200	0	200	0	0	0	0	0	0	0	0	0	0	1	1	0	0	0	0	0	0	莫言贫贱即可欺≮120.0倍≯带
1482	77	-1	77	3476	0	3476	11	0	11	200	0	200	0	0	0	0	0	0	0	0	0	0	1	1	0	0	0	0	0	0	莫言贫贱即可欺≮120.0倍≯靴
1483	76	-1	-1	96	0	0	12	0	1	200	0	200	-255	-310	0	0	0	0	0	0	0	0	1	0	0	0	0	0	0	0	桃李春风一杯酒≮130.0倍≯
1484	76	-1	-1	108	0	0	12	0	1	200	0	200	-185	-180	0	0	0	0	0	0	0	0	1	0	0	0	0	0	0	0	桃李春风一杯酒≮130.0倍≯甲
1485	77	-1	77	3494	0	3494	12	0	12	200	0	200	0	0	0	0	0	0	0	0	0	0	1	1	0	0	0	0	0	0	桃李春风一杯酒≮130.0倍≯盔
1486	77	-1	77	3554	0	3554	12	0	12	200	0	200	0	0	0	0	0	0	0	0	0	0	1	1	0	0	0	0	0	0	桃李春风一杯酒≮130.0倍≯链
1487	77	-1	77	3506	0	3506	12	0	12	200	0	200	0	0	0	0	0	0	0	0	0	0	1	1	0	0	0	0	0	0	桃李春风一杯酒≮130.0倍≯腕|桃李春风一杯酒≮130.0倍≯镯
1488	77	-1	77	3518	0	3518	12	0	12	200	0	200	0	0	0	0	0	0	0	0	0	0	1	1	0	0	0	0	0	0	桃李春风一杯酒≮130.0倍≯指|桃李春风一杯酒≮130.0倍≯戒
1489	77	-1	77	3530	0	3530	11	0	11	200	0	200	0	0	0	0	0	0	0	0	0	0	1	1	0	0	0	0	0	0	桃李春风一杯酒≮130.0倍≯带
1490	77	-1	77	3542	0	3542	11	0	11	200	0	200	0	0	0	0	0	0	0	0	0	0	1	1	0	0	0	0	0	0	桃李春风一杯酒≮130.0倍≯靴
1491	76	-1	-1	336	0	0	12	0	1	200	0	200	-310	-360	0	0	0	0	0	0	0	0	1	0	0	0	0	0	0	0	江湖夜雨十年灯≮140.0倍≯
1492	76	-1	-1	348	0	0	12	0	1	200	0	200	-185	-190	0	0	0	0	0	0	0	0	1	0	0	0	0	0	0	0	江湖夜雨十年灯≮140.0倍≯甲
1493	77	-1	77	3566	0	3566	12	0	12	200	0	200	0	0	0	0	0	0	0	0	0	0	1	1	0	0	0	0	0	0	江湖夜雨十年灯≮140.0倍≯盔
1494	77	-1	77	3578	0	3578	12	0	12	200	0	200	0	0	0	0	0	0	0	0	0	0	1	1	0	0	0	0	0	0	江湖夜雨十年灯≮140.0倍≯链
1495	77	-1	77	3590	0	3590	12	0	12	200	0	200	0	0	0	0	0	0	0	0	0	0	1	1	0	0	0	0	0	0	江湖夜雨十年灯≮140.0倍≯镯|江湖夜雨十年灯≮140.0倍≯腕
1496	77	-1	77	3602	0	3602	12	0	12	200	0	200	0	0	0	0	0	0	0	0	0	0	1	1	0	0	0	0	0	0	江湖夜雨十年灯≮140.0倍≯戒|江湖夜雨十年灯≮140.0倍≯指
1497	77	-1	77	3614	0	3614	12	0	12	200	0	200	0	0	0	0	0	0	0	0	0	0	1	1	0	0	0	0	0	0	江湖夜雨十年灯≮140.0倍≯带
1498	77	-1	77	3626	0	3626	11	0	11	200	0	200	0	0	0	0	0	0	0	0	0	0	1	1	0	0	0	0	0	0	江湖夜雨十年灯≮140.0倍≯靴
1499	76	-1	-1	0	0	0	12	0	1	200	0	200	-290	-360	0	0	0	0	0	0	0	0	1	0	0	0	0	0	0	0	劝君莫惜金缕衣≮150.0倍≯
1500	76	-1	-1	12	0	0	12	0	1	200	0	200	-185	-235	0	0	0	0	0	0	0	0	1	0	0	0	0	0	0	0	劝君莫惜金缕衣≮150.0倍≯甲
1501	77	-1	77	1000	0	1000	12	0	12	200	0	200	0	0	0	0	0	0	0	0	0	0	1	1	0	0	0	0	0	0	劝君莫惜金缕衣≮150.0倍≯盔
1502	77	-1	77	1020	0	1020	12	0	12	200	0	200	0	0	0	0	0	0	0	0	0	0	1	1	0	0	0	0	0	0	劝君莫惜金缕衣≮150.0倍≯链
1503	77	-1	77	1040	0	1040	12	0	12	200	0	200	0	0	0	0	0	0	0	0	0	0	1	1	0	0	0	0	0	0	劝君莫惜金缕衣≮150.0倍≯镯|劝君莫惜金缕衣≮150.0倍≯指
1504	77	-1	77	1060	0	1060	12	0	12	200	0	200	0	0	0	0	0	0	0	0	0	0	1	1	0	0	0	0	0	0	劝君莫惜金缕衣≮150.0倍≯腕|劝君莫惜金缕衣≮150.0倍≯戒
1505	77	-1	77	1080	0	1080	12	0	12	200	0	200	0	0	0	0	0	0	0	0	0	0	1	1	0	0	0	0	0	0	劝君莫惜金缕衣≮150.0倍≯带
1506	77	-1	77	1100	0	1100	12	0	12	200	0	200	0	0	0	0	0	0	0	0	0	0	1	1	0	0	0	0	0	0	劝君莫惜金缕衣≮150.0倍≯靴
1507	76	-1	-1	240	0	0	12	0	1	200	0	200	-300	-370	0	0	0	0	0	0	0	0	1	1	0	0	0	0	0	0	劝君惜取少年时≮160.0倍≯
1508	76	-1	-1	252	0	0	12	0	1	200	0	200	-188	-200	0	0	0	0	0	0	0	0	1	1	0	0	0	0	0	0	劝君惜取少年时≮160.0倍≯甲
1509	77	-1	77	3805	0	3805	12	0	12	200	0	200	0	0	0	0	0	0	0	0	0	0	1	1	0	0	0	0	0	0	劝君惜取少年时≮160.0倍≯盔
1510	77	-1	77	3821	0	3821	12	0	12	200	0	200	0	0	0	0	0	0	0	0	0	0	1	1	0	0	0	0	0	0	劝君惜取少年时≮160.0倍≯链
1511	77	-1	77	3837	0	3837	12	0	12	200	0	200	0	0	0	0	0	0	0	0	0	0	1	1	0	0	0	0	0	0	劝君惜取少年时≮160.0倍≯腕|劝君惜取少年时≮160.0倍≯镯
1512	77	-1	77	3853	0	3853	12	0	12	200	0	200	0	0	0	0	0	0	0	0	0	0	1	1	0	0	0	0	0	0	劝君惜取少年时≮160.0倍≯指|劝君惜取少年时≮160.0倍≯戒
1513	77	-1	77	3869	0	3869	12	0	12	200	0	200	0	0	0	0	0	0	0	0	0	0	1	1	0	0	0	0	0	0	劝君惜取少年时≮160.0倍≯带
1514	77	-1	77	3885	0	3885	12	0	12	200	0	200	0	0	0	0	0	0	0	0	0	0	1	1	0	0	0	0	0	0	劝君惜取少年时≮160.0倍≯靴
1515	76	-1	-1	192	0	0	12	0	1	200	0	200	-288	-310	0	0	0	0	0	0	0	0	1	0	0	0	0	0	0	0	采得百花成蜜后≮170.0倍≯
1516	76	-1	-1	204	0	0	12	0	1	200	0	200	-190	-205	0	0	0	0	0	0	0	0	1	0	0	0	0	0	0	0	采得百花成蜜后≮170.0倍≯甲
1517	77	-1	77	4013	0	4013	15	0	15	200	0	200	0	0	0	0	0	0	0	0	0	0	1	1	0	0	0	0	0	0	采得百花成蜜后≮170.0倍≯盔
1518	77	-1	77	4029	0	4029	15	0	15	200	0	200	0	0	0	0	0	0	0	0	0	0	1	1	0	0	0	0	0	0	采得百花成蜜后≮170.0倍≯链
1519	77	-1	77	4061	0	4061	15	0	15	200	0	200	0	0	0	0	0	0	0	0	0	0	1	1	0	0	0	0	0	0	采得百花成蜜后≮170.0倍≯腕|采得百花成蜜后≮170.0倍≯镯
1520	77	-1	77	4045	0	4045	15	0	15	200	0	200	0	0	0	0	0	0	0	0	0	0	1	1	0	0	0	0	0	0	采得百花成蜜后≮170.0倍≯指|采得百花成蜜后≮170.0倍≯戒
1521	77	-1	77	4077	0	4077	15	0	15	200	0	200	0	0	0	0	0	0	0	0	0	0	1	1	0	0	0	0	0	0	采得百花成蜜后≮170.0倍≯带
1522	77	-1	77	4093	0	4093	15	0	15	200	0	200	0	0	0	0	0	0	0	0	0	0	1	1	0	0	0	0	0	0	采得百花成蜜后≮170.0倍≯靴
1523	76	-1	-1	288	0	0	12	0	1	200	0	200	-305	-370	0	0	0	0	0	0	0	0	1	0	0	0	0	0	0	0	为谁辛苦为谁甜≮180.0倍≯
1524	76	-1	-1	300	0	0	12	0	1	200	0	200	-188	-195	0	0	0	0	0	0	0	0	1	0	0	0	0	0	0	0	为谁辛苦为谁甜≮180.0倍≯甲
1525	77	-1	77	600	0	600	16	0	16	200	0	200	0	0	0	0	0	0	0	0	0	0	1	1	0	0	0	0	0	0	为谁辛苦为谁甜≮180.0倍≯盔
1526	77	-1	77	620	0	620	16	0	16	200	0	200	0	0	0	0	0	0	0	0	0	0	1	1	0	0	0	0	0	0	为谁辛苦为谁甜≮180.0倍≯链
1527	77	-1	77	640	0	640	16	0	16	200	0	200	0	0	0	0	0	0	0	0	0	0	1	1	0	0	0	0	0	0	为谁辛苦为谁甜≮180.0倍≯腕|为谁辛苦为谁甜≮180.0倍≯镯
1528	77	-1	77	660	0	660	16	0	16	200	0	200	0	0	0	0	0	0	0	0	0	0	1	1	0	0	0	0	0	0	为谁辛苦为谁甜≮180.0倍≯指|为谁辛苦为谁甜≮180.0倍≯戒
1529	77	-1	77	680	0	680	16	0	16	200	0	200	0	0	0	0	0	0	0	0	0	0	1	1	0	0	0	0	0	0	为谁辛苦为谁甜≮180.0倍≯带
1530	77	-1	77	700	0	700	16	0	16	200	0	200	0	0	0	0	0	0	0	0	0	0	1	1	0	0	0	0	0	0	为谁辛苦为谁甜≮180.0倍≯靴
1531	76	-1	-1	312	0	0	12	0	1	200	0	200	-325	-390	0	0	0	0	0	0	0	0	1	0	0	0	0	0	0	0	宁可枝头抱香死≮190.0倍≯
1532	76	-1	-1	324	0	0	12	0	1	200	0	200	-188	-195	0	0	0	0	0	0	0	0	1	0	0	0	0	0	0	0	宁可枝头抱香死≮190.0倍≯甲
1533	77	-1	77	200	0	200	15	0	15	200	0	200	0	0	0	0	0	0	0	0	0	0	1	1	0	0	0	0	0	0	宁可枝头抱香死≮190.0倍≯盔
1534	77	-1	77	220	0	220	15	0	15	200	0	200	0	0	0	0	0	0	0	0	0	0	1	1	0	0	0	0	0	0	宁可枝头抱香死≮190.0倍≯链
1535	77	-1	77	240	0	240	15	0	15	200	0	200	0	0	0	0	0	0	0	0	0	0	1	1	0	0	0	0	0	0	宁可枝头抱香死≮190.0倍≯镯|宁可枝头抱香死≮190.0倍≯腕
1536	77	-1	77	260	0	260	15	0	15	200	0	200	0	0	0	0	0	0	0	0	0	0	1	1	0	0	0	0	0	0	宁可枝头抱香死≮190.0倍≯指|宁可枝头抱香死≮190.0倍≯戒
1537	77	-1	77	280	0	280	15	0	15	200	0	200	0	0	0	0	0	0	0	0	0	0	1	1	0	0	0	0	0	0	宁可枝头抱香死≮190.0倍≯带
1538	77	-1	77	300	0	300	15	0	15	200	0	200	0	0	0	0	0	0	0	0	0	0	1	1	0	0	0	0	0	0	宁可枝头抱香死≮190.0倍≯靴
1539	76	-1	-1	693	0	0	10	0	1	200	0	200	-343	-320	0	0	0	0	0	0	0	0	1	0	0	0	0	0	0	0	何曾吹落北风中≮200.0倍≯
1540	76	-1	-1	705	0	0	12	0	1	200	0	200	-195	-220	0	0	0	0	0	0	0	0	1	0	0	0	0	0	0	0	何曾吹落北风中≮200.0倍≯甲
1541	77	-1	77	4744	0	4744	15	0	15	200	0	200	0	0	0	0	0	0	0	0	0	0	1	1	0	0	0	0	0	0	何曾吹落北风中≮200.0倍≯盔
1542	77	-1	77	4760	0	4760	15	0	15	200	0	200	0	0	0	0	0	0	0	0	0	0	1	1	0	0	0	0	0	0	何曾吹落北风中≮200.0倍≯链
1543	77	-1	77	4776	0	4776	15	0	15	200	0	200	0	0	0	0	0	0	0	0	0	0	1	1	0	0	0	0	0	0	何曾吹落北风中≮200.0倍≯镯|何曾吹落北风中≮200.0倍≯腕
1544	77	-1	77	4792	0	4792	15	0	15	200	0	200	0	0	0	0	0	0	0	0	0	0	1	1	0	0	0	0	0	0	何曾吹落北风中≮200.0倍≯指|何曾吹落北风中≮200.0倍≯戒
1545	77	-1	77	4808	0	4808	15	0	15	200	0	200	0	0	0	0	0	0	0	0	0	0	1	1	0	0	0	0	0	0	何曾吹落北风中≮200.0倍≯带
1546	77	-1	77	4824	0	4824	15	0	15	200	0	200	0	0	0	0	0	0	0	0	0	0	1	1	0	0	0	0	0	0	何曾吹落北风中≮200.0倍≯靴
1547	76	-1	-1	717	0	0	12	0	1	200	0	200	-320	-330	0	0	0	0	0	0	0	0	1	0	0	0	0	0	0	0	人生若只如初见≮210.0倍≯
1548	76	-1	-1	729	0	0	12	0	1	200	0	200	-188	-195	0	0	0	0	0	0	0	0	1	0	0	0	0	0	0	0	人生若只如初见≮210.0倍≯甲
1549	77	-1	77	4840	0	4840	15	0	15	200	0	200	0	0	0	0	0	0	0	0	0	0	1	1	0	0	0	0	0	0	人生若只如初见≮210.0倍≯盔
1550	77	-1	77	4856	0	4856	15	0	15	200	0	200	0	0	0	0	0	0	0	0	0	0	1	1	0	0	0	0	0	0	人生若只如初见≮210.0倍≯链
1551	77	-1	77	4872	0	4872	15	0	15	200	0	200	0	0	0	0	0	0	0	0	0	0	1	1	0	0	0	0	0	0	人生若只如初见≮210.0倍≯腕|人生若只如初见≮210.0倍≯镯
1552	77	-1	77	4888	0	4888	15	0	15	200	0	200	0	0	0	0	0	0	0	0	0	0	1	1	0	0	0	0	0	0	人生若只如初见≮210.0倍≯指|人生若只如初见≮210.0倍≯戒
1553	77	-1	77	4904	0	4904	15	0	15	200	0	200	0	0	0	0	0	0	0	0	0	0	1	1	0	0	0	0	0	0	人生若只如初见≮210.0倍≯带
1554	77	-1	77	4920	0	4920	15	0	15	200	0	200	0	0	0	0	0	0	0	0	0	0	1	1	0	0	0	0	0	0	人生若只如初见≮210.0倍≯靴
1555	76	-1	-1	765	0	0	12	0	1	200	0	200	-300	-320	0	0	0	0	0	0	0	0	1	0	0	0	0	0	0	0	天地合乃敢与君绝≮220.0倍≯
1556	76	-1	-1	777	0	0	12	0	1	200	0	200	-180	-210	0	0	0	0	0	0	0	0	1	0	0	0	0	0	0	0	天地合乃敢与君绝≮220.0倍≯甲
1557	77	-1	77	5710	0	5710	15	0	15	200	0	200	0	0	0	0	0	0	0	0	0	0	1	1	0	0	0	0	0	0	天地合乃敢与君绝≮220.0倍≯盔
1558	77	-1	77	5726	0	5726	15	0	15	200	0	200	0	0	0	0	0	0	0	0	0	0	1	1	0	0	0	0	0	0	天地合乃敢与君绝≮220.0倍≯链
1559	77	-1	77	5742	0	5742	15	0	15	200	0	200	0	0	0	0	0	0	0	0	0	0	1	1	0	0	0	0	0	0	天地合乃敢与君绝≮220.0倍≯镯|天地合乃敢与君绝≮220.0倍≯腕
1560	77	-1	77	5758	0	5758	15	0	15	200	0	200	0	0	0	0	0	0	0	0	0	0	1	1	0	0	0	0	0	0	天地合乃敢与君绝≮220.0倍≯指|天地合乃敢与君绝≮220.0倍≯戒
1561	77	-1	77	5774	0	5774	15	0	15	200	0	200	0	0	0	0	0	0	0	0	0	0	1	1	0	0	0	0	0	0	天地合乃敢与君绝≮220.0倍≯带
1562	77	-1	77	5790	0	5790	15	0	15	200	0	200	0	0	0	0	0	0	0	0	0	0	1	1	0	0	0	0	0	0	天地合乃敢与君绝≮220.0倍≯靴
1563	93	-1	93	84	0	84	8	0	8	200	0	200	0	0	0	0	0	0	0	0	0	0	1	1	0	0	0	0	0	0	〈离别之吻〉Lv1g斧
1564	93	-1	93	76	0	76	8	0	8	200	0	200	0	0	0	0	0	0	0	0	0	0	1	1	0	0	0	0	0	0	〈幻想空域〉Lv2g斧
1565	93	-1	93	68	0	68	8	0	8	200	0	200	0	0	0	0	0	0	0	0	0	0	1	1	0	0	0	0	0	0	〈静籁永恒〉Lv3g斧
1566	93	-1	93	60	0	60	8	0	8	200	0	200	0	0	0	0	0	0	0	0	0	0	1	1	0	0	0	0	0	0	〈无名王者〉Lv4g斧
1567	93	-1	93	52	0	52	8	0	8	200	0	200	0	0	0	0	0	0	0	0	0	0	1	1	0	0	0	0	0	0	〈冰洁直径〉Lv5g斧
1568	93	-1	93	44	0	44	8	0	8	200	0	200	0	0	0	0	0	0	0	0	0	0	1	1	0	0	0	0	0	0	〈血色誓言〉Lv6g斧
1569	93	-1	93	36	0	36	8	0	8	200	0	200	0	0	0	0	0	0	0	0	0	0	1	1	0	0	0	0	0	0	〈共轭双生〉Lv7g斧
1570	93	-1	93	28	0	28	8	0	8	200	0	200	0	0	0	0	0	0	0	0	0	0	1	1	0	0	0	0	0	0	〈陨星之尘〉Lv8g斧
1571	93	-1	93	20	0	20	8	0	8	200	0	200	0	0	0	0	0	0	0	0	0	0	1	1	0	0	0	0	0	0	〈鲜血袁歌〉Lv9g斧
1572	93	-1	93	12	0	12	8	0	8	200	0	200	0	0	0	0	0	0	0	0	0	0	1	1	0	0	0	0	0	0	〈星空之源〉Lv10g斧
1573	93	-1	93	0	0	0	12	0	12	200	0	200	0	0	0	0	0	0	0	0	0	0	1	1	0	0	0	0	0	0	【_天V地】何须生入玉门关★斧
1574	87	-1	94	450	0	450	24	0	24	200	0	200	100	50	0	0	0	0	0	0	0	0	1	1	0	0	0	0	0	0	〈神威亢天〉Lv1d盾
1575	87	-1	94	420	0	420	24	0	24	200	0	200	100	50	0	0	0	0	0	0	0	0	1	1	0	0	0	0	0	0	〈魔神之E〉Lv2d盾
1576	87	-1	94	390	0	390	24	0	24	200	0	200	100	50	0	0	0	0	0	0	0	0	1	1	0	0	0	0	0	0	〈神雷天裁〉Lv3d盾
1577	87	-1	94	360	0	360	24	0	24	200	0	200	100	50	0	0	0	0	0	0	0	0	1	1	0	0	0	0	0	0	〈血鹕瘛Lv4d盾
1578	87	-1	94	330	0	330	24	0	24	200	0	200	100	50	0	0	0	0	0	0	0	0	1	1	0	0	0	0	0	0	〈刀ι窕省Lv5d盾
1579	87	-1	94	300	0	300	24	0	24	200	0	200	90	30	0	0	0	0	0	0	0	0	1	1	0	0	0	0	0	0	〈真`九〉Lv6d盾
1580	87	-1	94	270	0	270	24	0	24	200	0	200	80	30	0	0	0	0	0	0	0	0	1	1	0	0	0	0	0	0	〈王op〉Lv7d盾
1581	87	-1	94	240	0	240	24	0	24	200	0	200	85	25	0	0	0	0	0	0	0	0	1	1	0	0	0	0	0	0	〈金z[〉Lv8d盾
1582	87	-1	94	30	0	30	24	0	24	200	0	200	80	20	0	0	0	0	0	0	0	0	1	1	0	0	0	0	0	0	〈赤心巡天〉Lv9d盾
1583	87	-1	94	150	0	150	24	0	24	200	0	200	80	20	0	0	0	0	0	0	0	0	1	1	0	0	0	0	0	0	《乱世逐鹿》「」e盾
1584	87	-1	94	180	0	180	24	0	24	200	0	200	65	0	0	0	0	0	0	0	0	0	1	1	0	0	0	0	0	0	【匀缗褪】埋骨何须桑梓地★盾
1585	92	-1	92	0	0	0	32	0	32	200	0	200	0	0	0	0	0	0	0	0	0	0	1	1	0	0	0	0	0	0	〈血◆鹕瘛Lv1g伞
1586	92	-1	92	40	0	40	32	0	32	200	0	200	0	0	0	0	0	0	0	0	0	0	1	1	0	0	0	0	0	0	〈刀Α羯窕省Lv2g伞
1587	92	-1	92	80	0	80	32	0	32	200	0	200	0	0	0	0	0	0	0	0	0	0	1	1	0	0	0	0	0	0	〈真`◆九〉Lv3g伞
1588	92	-1	92	120	0	120	32	0	32	200	0	200	0	0	0	0	0	0	0	0	0	0	1	1	0	0	0	0	0	0	〈王◆op〉Lv4g伞
1589	92	-1	92	160	0	160	16	0	16	200	0	200	0	0	0	0	0	0	0	0	0	0	1	1	0	0	0	0	0	0	〈金z◆[〉Lv5g伞
1590	92	-1	92	180	0	180	32	0	32	200	0	200	0	0	0	0	0	0	0	0	0	0	1	1	0	0	0	0	0	0	〈赤心◆巡天〉Lv6g伞
1591	92	-1	92	220	0	220	32	0	32	200	0	200	0	0	0	0	0	0	0	0	0	0	1	1	0	0	0	0	0	0	〈天刀◆无疆〉Lv7g伞
1592	92	-1	92	260	0	260	12	0	12	200	0	200	0	0	0	0	0	0	0	0	0	0	1	1	0	0	0	0	0	0	【未雨绸缪】我以我血荐轩辕★伞
1593	88	-1	88	30	0	30	10	0	10	200	0	200	0	-12	0	0	0	0	0	0	0	0	1	1	0	0	0	0	0	0	〈魏武青虹〉Lv1g魂珠
1594	88	-1	88	40	0	40	10	0	10	200	0	200	0	-12	0	0	0	0	0	0	0	0	1	1	0	0	0	0	0	0	〈四法青云〉Lv2g魂珠
1595	88	-1	88	50	0	50	10	0	10	200	0	200	0	-12	0	0	0	0	0	0	0	0	1	1	0	0	0	0	0	0	〈斩妖泣血〉Lv3g魂珠
1596	88	-1	88	60	0	60	10	0	10	200	0	200	0	-12	0	0	0	0	0	0	0	0	1	1	0	0	0	0	0	0	〈业火三灾〉Lv4g魂珠
1597	88	-1	88	70	0	70	10	0	10	200	0	200	0	-12	0	0	0	0	0	0	0	0	1	1	0	0	0	0	0	0	〈紫电青霜〉Lv5g魂珠
1598	88	-1	88	80	0	80	10	0	10	200	0	200	0	-12	0	0	0	0	0	0	0	0	1	1	0	0	0	0	0	0	〈君临天下〉Lv6g魂珠
1599	88	-1	88	90	0	90	10	0	10	200	0	200	0	-12	0	0	0	0	0	0	0	0	1	1	0	0	0	0	0	0	〈九州憾天〉Lv7g魂珠
1600	88	-1	88	100	0	100	10	0	10	200	0	200	0	-12	0	0	0	0	0	0	0	0	1	1	0	0	0	0	0	0	【追魂Z命】王师北定中原日★魂
1601	86	-1	86	60	0	60	18	0	18	200	0	200	0	0	0	0	0	0	0	0	0	0	1	1	0	0	0	0	0	0	乱世〈纵酒狂歌〉Lv1g斗笠
1602	86	-1	86	40	0	40	18	0	18	200	0	200	0	0	0	0	0	0	0	0	0	0	1	1	0	0	0	0	0	0	乱世〈亡灵金凯〉Lv2g斗笠
1603	86	-1	86	80	0	80	18	0	18	200	0	200	0	0	0	0	0	0	0	0	0	0	1	1	0	0	0	0	0	0	乱世〈正义将军〉Lv3g斗笠
1604	86	-1	86	100	0	100	18	0	18	200	0	200	0	0	0	0	0	0	0	0	0	0	1	1	0	0	0	0	0	0	乱世〈长河落日〉Lv4g斗笠
1605	86	-1	86	140	0	140	18	0	18	200	0	200	0	0	0	0	0	0	0	0	0	0	1	1	0	0	0	0	0	0	乱世〈为侠为魔〉Lv5g斗笠
1606	86	-1	86	160	0	160	18	0	18	200	0	200	0	0	0	0	0	0	0	0	0	0	1	1	0	0	0	0	0	0	乱世〈行侠仗义〉Lv6g斗笠
1607	86	-1	86	180	0	180	18	0	18	200	0	200	0	0	0	0	0	0	0	0	0	0	1	1	0	0	0	0	0	0	乱世〈侠骨柔情〉Lv7g斗笠
1608	86	-1	86	0	0	0	18	0	18	200	0	200	0	0	0	0	0	0	0	0	0	0	1	1	0	0	0	0	0	0	乱世〈剑胆琴心〉Lv8g斗笠
1609	86	-1	86	200	0	200	18	0	18	200	0	200	0	0	0	0	0	0	0	0	0	0	1	1	0	0	0	0	0	0	乱世〈五虎断魂〉Lv9g斗笠
1610	86	-1	86	20	0	20	18	0	18	200	0	200	0	0	0	0	0	0	0	0	0	0	1	1	0	0	0	0	0	0	乱世〈鬼王蚀日〉Lv10g斗笠
1611	86	-1	86	120	0	120	18	0	18	200	0	200	0	0	0	0	0	0	0	0	0	0	1	1	0	0	0	0	0	0	【o法o天】岂因祸福避趋之★笠
1612	91	-1	91	0	0	0	19	0	19	200	0	200	0	-8	0	0	0	0	0	0	0	0	1	1	0	0	0	0	0	0	〈群雄争霸〉Lv1g章
1613	91	-1	91	20	0	20	19	0	19	200	0	200	0	-8	0	0	0	0	0	0	0	0	1	1	0	0	0	0	0	0	〈决战云巅〉Lv2g章
1614	91	-1	91	40	0	40	19	0	19	200	0	200	0	-8	0	0	0	0	0	0	0	0	1	1	0	0	0	0	0	0	〈琼华紫金〉Lv3g章
1615	91	-1	91	60	0	60	19	0	19	200	0	200	0	-8	0	0	0	0	0	0	0	0	1	1	0	0	0	0	0	0	〈霸世金典〉Lv4g章
1616	91	-1	91	80	0	80	19	0	19	200	0	200	0	-8	0	0	0	0	0	0	0	0	1	1	0	0	0	0	0	0	〈九死生杀〉Lv5g章
1617	91	-1	91	100	0	100	19	0	19	200	0	200	0	-8	0	0	0	0	0	0	0	0	1	1	0	0	0	0	0	0	〈一手遮天〉Lv6g章
1618	91	-1	91	120	0	120	19	0	19	200	0	200	0	-8	0	0	0	0	0	0	0	0	1	1	0	0	0	0	0	0	〈无敌盖世〉Lv7g章
1619	91	-1	91	140	0	140	19	0	19	200	0	200	0	-8	0	0	0	0	0	0	0	0	1	1	0	0	0	0	0	0	〈雄霸天下〉Lv8g章
1620	91	-1	91	160	0	160	19	0	19	200	0	200	0	-8	0	0	0	0	0	0	0	0	1	1	0	0	0	0	0	0	〈傲视群雄〉Lv9g章
1621	91	-1	91	200	0	200	19	0	19	200	0	200	0	-8	0	0	0	0	0	0	0	0	1	1	0	0	0	0	0	0	〈皇图霸业〉Lv10g章
1622	91	-1	91	220	0	220	19	0	19	200	0	200	0	-8	0	0	0	0	0	0	0	0	1	1	0	0	0	0	0	0	〈魑魅魍魉〉「尊」e章
1623	91	-1	91	260	0	260	12	0	12	200	0	200	0	-8	0	0	0	0	0	0	0	0	1	1	0	0	0	0	0	0	《拳拳到肉》「圣」e章
1624	91	-1	91	240	0	240	12	0	12	200	0	200	0	-10	0	0	0	0	0	0	0	0	1	1	0	0	0	0	0	0	【不v武德】古来征战几人回★章
1625	95	-1	95	36	0	36	8	0	8	200	0	200	0	0	0	0	0	0	0	0	0	0	1	1	0	0	0	0	0	0	〈无畏先锋〉Lv1g天书
1626	95	-1	95	54	0	54	10	0	10	200	0	200	0	0	0	0	0	0	0	0	0	0	1	1	0	0	0	0	0	0	〈战无不胜〉Lv2g天书
1627	95	-1	95	64	0	64	10	0	10	200	0	200	0	0	0	0	0	0	0	0	0	0	1	1	0	0	0	0	0	0	〈鸿弑炎魔〉Lv3g天书
1628	95	-1	95	74	0	74	10	0	10	200	0	200	0	0	0	0	0	0	0	0	0	0	1	1	0	0	0	0	0	0	〈紫电青霜〉Lv4g天书
1629	95	-1	95	84	0	84	10	0	10	200	0	200	0	0	0	0	0	0	0	0	0	0	1	1	0	0	0	0	0	0	〈为侠为魔〉Lv5g天书
1630	95	-1	95	94	0	94	10	0	10	200	0	200	0	-10	0	0	0	0	0	0	0	0	1	1	0	0	0	0	0	0	【|粑鳌亢涡肼砀锕尸还★书
1631	96	-1	96	12	0	12	12	0	12	200	0	200	0	0	0	0	0	0	0	0	0	0	1	1	0	0	0	0	0	0	乱『王』世※戟★
1632	96	-1	96	24	0	24	12	0	12	200	0	200	0	0	0	0	0	0	0	0	0	0	1	1	0	0	0	0	0	0	乱『王』世※戟★★★
1633	96	-1	96	36	0	36	12	0	12	200	0	200	0	0	0	0	0	0	0	0	0	0	1	1	0	0	0	0	0	0	乱『王』世※戟★★★★★
