1	金条	0	1	1	0	1
1	祝福油	0	1	1	0	1
1	沃玛号角	0	1	1	0	1
2	修复神水	0	1	1	0	1
2	随机传送石	0	1	1	0	1
2	盟重传送石	0	1	1	0	1
1	超级祝福油	0	1	1	0	1
1	红名清洗卡	0	1	1	0	1
1	千里传音	0	1	1	0	1
2	------------------------------	0	1	1	0	1
1	50元宝	0	1	1	0	1
1	100元宝	0	1	1	0	1
1	200元宝	0	1	1	0	1
1	500元宝	0	1	1	0	1
1	1000元宝	0	1	1	0	1
1	2000元宝	0	1	1	0	1
1	5000元宝	0	1	1	0	1
1	10000元宝	0	1	1	0	1
1	50000元宝	0	1	1	0	1
1	100000元宝	0	1	1	0	1
1	200000元宝	0	1	1	0	1
1	500000元宝	0	1	1	0	1
1	1000000元宝	0	1	1	0	1
1	2000000元宝	0	1	1	0	1
1	5000000元宝	0	1	1	0	1
1	10000000元宝	0	1	1	0	1
1	1逐鹿币	0	1	1	0	1
1	5逐鹿币	0	1	1	0	1
1	10逐鹿币	0	1	1	0	1
1	20逐鹿币	0	1	1	0	1
1	50逐鹿币	0	1	1	0	1
1	100逐鹿币	0	1	1	0	1
1	200逐鹿币	0	1	1	0	1
1	500逐鹿币	0	1	1	0	1
1	1000逐鹿币	0	1	1	0	1
1	5000逐鹿币	0	1	1	0	1
1	10000逐鹿币	0	1	1	0	1
1	50000逐鹿币	0	1	1	0	1
1	100000逐鹿币	0	1	1	0	1
1	200000逐鹿币	0	1	1	0	1
1	500000逐鹿币	0	1	1	0	1
1	1000000逐鹿币	0	1	1	0	1
1	2000000逐鹿币	0	1	1	0	1
1	5000000逐鹿币	0	1	1	0	1
1	10000000逐鹿币	0	1	1	0	1
1	经验卷(10万)	0	1	1	0	1
1	经验卷(20万)	0	1	1	0	1
1	经验卷(30万)	0	1	1	0	1
1	经验卷(50万)	0	1	1	0	1
1	经验卷(100万)	0	1	1	0	1
1	经验卷(200万)	0	1	1	0	1
1	经验卷(500万)	0	1	1	0	1
1	经验卷(1000万)	0	1	1	0	1
1	经验卷(2000万)	0	1	1	0	1
1	经验卷(5000万)	0	1	1	0	1
1	经验卷(1亿)	0	1	1	0	1
1	经验卷(2亿)	0	1	1	0	1
1	经验卷(5亿)	0	1	1	0	1
1	经验卷(10亿)	0	1	1	0	1
1	隐身术	0	1	1	0	1
1	魔法盾	0	1	1	0	1
1	护体神盾	0	1	1	0	1
1	十步一杀	0	1	1	0	1
1	冰霜群雨	0	1	1	0	1
1	万法不侵	0	1	1	0	1
1	施毒术	0	1	1	0	1
1	战火之源	0	1	1	0	1
1	血※仙珠	0	1	1	0	1
1	神兽圣晶	0	1	1	0	1
1	无敌碎片	0	1	1	0	1
1	鸿蒙★天羽	0	1	1	0	1
1	战火血珠	0	1	1	0	1
1	血符碎片	0	1	1	0	1
1	项链祝福油	0	1	1	0	1
1	逐鹿※之力	0	1	1	0	1
1	仙域令牌	0	1	1	0	1
1	逐鹿★斗笠※【一品】	0	1	1	0	1
1	逐鹿★斗笠※【二品】	0	1	1	0	1
1	逐鹿★斗笠※【三品】	0	1	1	0	1
1	逐鹿★斗笠※【四品】	0	1	1	0	1
1	逐鹿★斗笠※【五品】	0	1	1	0	1
1	逐鹿★斗笠※【六品】	0	1	1	0	1
1	逐鹿★斗笠※【七品】	0	1	1	0	1
1	逐鹿★斗笠※【八品】	0	1	1	0	1
1	逐鹿★斗笠※【九品】	0	1	1	0	1
1	逐鹿★斗笠※【十品】	0	1	1	0	1
1	「王者・归来」lc争锋・帝尊	0	1	1	0	1
1	帝炎★丹心※照汗青	0	1	1	0	1
1	霸^★_W※in穹	0	1	1	0	1
1	[★狻憾九天	0	1	1	0	1
1	}渊★鬼泣※@天地	0	1	1	0	1
1	涅★神※m	0	1	1	0	1
1	天I★浪淘※自天涯	0	1	1	0	1
1	莫邪★帝矗※戟指天	0	1	1	0	1
1	Wx★霸※宇等e	0	1	1	0	1
1	KO★金樽※空υ	0	1	1	0	1
7	《铭纹》血★鹕瘵g天I	0	1	1	0	1
7	《铭纹》刀Α锷窕施g莫邪	0	1	1	0	1
7	《铭纹》真`★九gWx	0	1	1	0	1
7	《铭纹》王★opgKO	0	1	1	0	1
7	《铭纹》金z★[g君王	0	1	1	0	1
7	《铭纹》赤心★巡天g逍遥	0	1	1	0	1
7	《铭纹》天刀★无疆g昊天	0	1	1	0	1
1	《魂石》血◆鹕瘵g天I	0	1	1	0	1
1	《魂石》刀Α羯窕施g莫邪	0	1	1	0	1
1	《魂石》真`◆九gWx	0	1	1	0	1
1	《魂石》王◆opgKO	0	1	1	0	1
1	《魂石》金z◆[g君王	0	1	1	0	1
1	《魂石》赤心◆巡天g逍遥	0	1	1	0	1
1	《魂石》天刀◆无疆g昊天	0	1	1	0	1
7	〈刀Α羯窕省怠つ邪g神印	0	1	1	0	1
7	〈真`◆九〉・Wxg神印	0	1	1	0	1
7	〈王◆op〉・KOg神印	0	1	1	0	1
7	〈金z◆[〉・君王g神印	0	1	1	0	1
7	〈赤心◆巡天〉・逍遥g神印	0	1	1	0	1
7	〈天刀◆无疆〉・昊天g神印	0	1	1	0	1
1	《时装》`※毓秀g紫	0	1	1	0	1
1	《时装》雷Q※x火g帝炎	0	1	1	0	1
1	《时装》天星※耀g霸^	0	1	1	0	1
1	《时装》神威※亢天g[	0	1	1	0	1
1	《时装》魔神※之Eg}渊	0	1	1	0	1
1	《时装》神雷※天裁g涅	0	1	1	0	1
1	《时装》血※鹕瘵g天I	0	1	1	0	1
1	《时装》刀Α神皇g莫邪	0	1	1	0	1
1	《时装》真`※九gWx	0	1	1	0	1
1	《时装》王※opgKO	0	1	1	0	1
1	《时装》金z※[g君王	0	1	1	0	1
1	《时装》赤心※巡天g逍遥	0	1	1	0	1
1	【鼠】・寒冰咒	0	1	1	0	1
1	【牛】・驭雷术	0	1	1	0	1
1	【虎】・养生诀	0	1	1	0	1
1	【兔】・御剑诀	0	1	1	0	1
1	【龙】・逍遥游	0	1	1	0	1
1	【蛇】・玄秒镜	0	1	1	0	1
1	【马】・玄冰刺	0	1	1	0	1
1	【羊】・御空术	0	1	1	0	1
1	【猴】・冰心诀	0	1	1	0	1
1	【鸡】・齐物论	0	1	1	0	1
1	【狗】・沧澜破	0	1	1	0	1
1	【猪】・退魔矢	0	1	1	0	1
1	【鼠】・归云剑气	0	1	1	0	1
1	【牛】・冰封天下	0	1	1	0	1
1	【虎】・阴阳鬼遁	0	1	1	0	1
1	【兔】・炼气还神	0	1	1	0	1
1	【龙】・雷云风暴	0	1	1	0	1
1	【蛇】・少阳剑气	0	1	1	0	1
1	【马】・破魔剑气	0	1	1	0	1
1	【羊】・真元护体	0	1	1	0	1
1	【猴】・南华真经	0	1	1	0	1
1	【鸡】・五雷轰顶	0	1	1	0	1
1	【狗】・雷霆震怒	0	1	1	0	1
1	【猪】・雷神之锥	0	1	1	0	1
1	【鼠】・剑心通名・Max	0	1	1	0	1
1	【牛】・天仙护体・Max	0	1	1	0	1
1	【虎】・黄帝内经・Max	0	1	1	0	1
1	【兔】・怒剑狂花・Max	0	1	1	0	1
1	【龙】・天外飞仙・Max	0	1	1	0	1
1	【蛇】・太上忘情・Max	0	1	1	0	1
1	【马】・惊尘碧天・Max	0	1	1	0	1
1	【羊】・竹引清风・Max	0	1	1	0	1
1	【猴】・流光掷火・Max	0	1	1	0	1
1	【鸡】・毁天灭地・Max	0	1	1	0	1
1	【狗】・四海升平・Max	0	1	1	0	1
1	【猪】・诛神弑仙・Max	0	1	1	0	1
2	---------称号系列---------	0	1	1	0	1
1	九品★教头	0	1	1	0	1
1	八品★骁骑	0	1	1	0	1
1	七品★侍卫	0	1	1	0	1
1	六品★都督	0	1	1	0	1
1	五品★太守	0	1	1	0	1
1	四品★刺史	0	1	1	0	1
1	三品★司马	0	1	1	0	1
1	二品★太尉	0	1	1	0	1
1	一品★将军	0	1	1	0	1
1	九五★至尊	0	1	1	0	1
1	雄霸★天下	0	1	1	0	1
1	十步一杀强化卷	0	1	1	0	1
1	冰霜群雨强化卷	0	1	1	0	1
1	死亡之眼强化卷	0	1	1	0	1
4	我命由我不由天メ神剑	0	1	1	0	1
3	我命由我不由天メ神甲	0	1	1	0	1
5	我命由我不由天メ盔	0	1	1	0	1
5	我命由我不由天メ链	0	1	1	0	1
5	我命由我不由天メ镯	0	1	1	0	1
5	我命由我不由天メ戒	0	1	1	0	1
7	我命由我不由天メ带	0	1	1	0	1
7	我命由我不由天メ靴	0	1	1	0	1
4	流※メ神剑	0	1	1	0	1
3	流※メ神甲	0	1	1	0	1
5	流※メ盔	0	1	1	0	1
5	流※メ链	0	1	1	0	1
5	流※メ镯	0	1	1	0	1
5	流※メ戒	0	1	1	0	1
7	流※メ带	0	1	1	0	1
7	流※メ靴	0	1	1	0	1
4	雷※丧嵘窠	0	1	1	0	1
3	雷※丧嵘窦	0	1	1	0	1
5	雷※丧峥	0	1	1	0	1
5	雷※丧崃	0	1	1	0	1
5	雷※丧犸	0	1	1	0	1
5	雷※丧峤	0	1	1	0	1
7	雷※丧岽	0	1	1	0	1
7	雷※丧嵫	0	1	1	0	1
4	星※逝メ神剑	0	1	1	0	1
3	星※逝メ神甲	0	1	1	0	1
5	星※逝メ盔	0	1	1	0	1
5	星※逝メ链	0	1	1	0	1
5	星※逝メ镯	0	1	1	0	1
5	星※逝メ戒	0	1	1	0	1
7	星※逝メ带	0	1	1	0	1
7	星※逝メ靴	0	1	1	0	1
4	n※茫メ神剑	0	1	1	0	1
3	n※茫メ神甲	0	1	1	0	1
5	n※茫メ盔	0	1	1	0	1
5	n※茫メ链	0	1	1	0	1
5	n※茫メ镯	0	1	1	0	1
5	n※茫メ戒	0	1	1	0	1
7	n※茫メ带	0	1	1	0	1
7	n※茫メ靴	0	1	1	0	1
4	破※メ神剑	0	1	1	0	1
3	破※メ神甲	0	1	1	0	1
5	破※メ盔	0	1	1	0	1
5	破※メ链	0	1	1	0	1
5	破※メ镯	0	1	1	0	1
5	破※メ戒	0	1	1	0	1
7	破※メ带	0	1	1	0	1
7	破※メ靴	0	1	1	0	1
4	s※血メ神剑	0	1	1	0	1
3	s※血メ神甲	0	1	1	0	1
5	s※血メ盔	0	1	1	0	1
5	s※血メ链	0	1	1	0	1
5	s※血メ镯	0	1	1	0	1
5	s※血メ戒	0	1	1	0	1
7	s※血メ带	0	1	1	0	1
7	s※血メ靴	0	1	1	0	1
4	玄※冰メ神剑	0	1	1	0	1
3	玄※冰メ神甲	0	1	1	0	1
5	玄※冰メ盔	0	1	1	0	1
5	玄※冰メ链	0	1	1	0	1
5	玄※冰メ镯	0	1	1	0	1
5	玄※冰メ戒	0	1	1	0	1
7	玄※冰メ带	0	1	1	0	1
7	玄※冰メ靴	0	1	1	0	1
4	稹メ神剑	0	1	1	0	1
3	稹メ神甲	0	1	1	0	1
5	稹メ盔	0	1	1	0	1
5	稹メ链	0	1	1	0	1
5	稹メ镯	0	1	1	0	1
5	稹メ戒	0	1	1	0	1
7	稹メ带	0	1	1	0	1
7	稹メ靴	0	1	1	0	1
4	刺※Lメ神剑	0	1	1	0	1
3	刺※Lメ神甲	0	1	1	0	1
5	刺※Lメ盔	0	1	1	0	1
5	刺※Lメ链	0	1	1	0	1
5	刺※Lメ镯	0	1	1	0	1
5	刺※Lメ戒	0	1	1	0	1
7	刺※Lメ带	0	1	1	0	1
7	刺※Lメ靴	0	1	1	0	1
4	靛※婧％峤	0	1	1	0	1
3	靛※婧％峒	0	1	1	0	1
5	靛※婧％峥	0	1	1	0	1
5	靛※婧％崃	0	1	1	0	1
5	靛※婧％犸	0	1	1	0	1
5	靛※婧％峤	0	1	1	0	1
7	靛※婧％岽	0	1	1	0	1
7	靛※婧％嵫	0	1	1	0	1
4	冰※晶月メ剑	0	1	1	0	1
3	冰※晶月メ甲	0	1	1	0	1
5	冰※晶月メ盔	0	1	1	0	1
5	冰※晶月メ链	0	1	1	0	1
5	冰※晶月メ镯	0	1	1	0	1
5	冰※晶月メ戒	0	1	1	0	1
7	冰※晶月メ带	0	1	1	0	1
7	冰※晶月メ靴	0	1	1	0	1
4	碧※雪冰メ剑	0	1	1	0	1
3	碧※雪冰メ甲	0	1	1	0	1
5	碧※雪冰メ盔	0	1	1	0	1
5	碧※雪冰メ链	0	1	1	0	1
5	碧※雪冰メ镯	0	1	1	0	1
5	碧※雪冰メ戒	0	1	1	0	1
7	碧※雪冰メ带	0	1	1	0	1
7	碧※雪冰メ靴	0	1	1	0	1
4	金※晨曦メ剑	0	1	1	0	1
3	金※晨曦メ甲	0	1	1	0	1
5	金※晨曦メ盔	0	1	1	0	1
5	金※晨曦メ链	0	1	1	0	1
5	金※晨曦メ镯	0	1	1	0	1
5	金※晨曦メ戒	0	1	1	0	1
7	金※晨曦メ带	0	1	1	0	1
7	金※晨曦メ靴	0	1	1	0	1
4	o※gzメ剑	0	1	1	0	1
3	o※gzメ甲	0	1	1	0	1
5	o※gzメ盔	0	1	1	0	1
5	o※gzメ链	0	1	1	0	1
5	o※gzメ镯	0	1	1	0	1
5	o※gzメ戒	0	1	1	0	1
7	o※gzメ带	0	1	1	0	1
7	o※gzメ靴	0	1	1	0	1
4	紫※星河メ剑	0	1	1	0	1
3	紫※星河メ甲	0	1	1	0	1
5	紫※星河メ盔	0	1	1	0	1
5	紫※星河メ链	0	1	1	0	1
5	紫※星河メ镯	0	1	1	0	1
5	紫※星河メ戒	0	1	1	0	1
7	紫※星河メ带	0	1	1	0	1
7	紫※星河メ靴	0	1	1	0	1
2	=============================	0	1	1	0	1
2	=======天之}战系列==========	0	1	1	0	1
4	玄※混沌メ剑	0	1	1	0	1
3	玄※混沌メ甲	0	1	1	0	1
5	玄※混沌メ盔	0	1	1	0	1
5	玄※混沌メ链	0	1	1	0	1
5	玄※混沌メ镯	0	1	1	0	1
5	玄※混沌メ戒	0	1	1	0	1
7	玄※混沌メ带	0	1	1	0	1
7	玄※混沌メ靴	0	1	1	0	1
4	明※R_メ剑	0	1	1	0	1
3	明※R_メ甲	0	1	1	0	1
5	明※R_メ盔	0	1	1	0	1
5	明※R_メ链	0	1	1	0	1
5	明※R_メ镯	0	1	1	0	1
5	明※R_メ戒	0	1	1	0	1
7	明※R_メ带	0	1	1	0	1
7	明※R_メ靴	0	1	1	0	1
7	田灵儿	0	1	1	0	1
7	宋大仁	0	1	1	0	1
7	吴大义	0	1	1	0	1
7	郑大礼	0	1	1	0	1
7	何大智	0	1	1	0	1
7	吕大信	0	1	1	0	1
7	杜必书	0	1	1	0	1
7	萧逸才	0	1	1	0	1
7	齐昊	0	1	1	0	1
7	曾书书	0	1	1	0	1
7	文敏	0	1	1	0	1
7	田不易	0	1	1	0	1
7	苏茹	0	1	1	0	1
7	曾叔常	0	1	1	0	1
7	商正梁	0	1	1	0	1
7	天云道人	0	1	1	0	1
7	水月大师	0	1	1	0	1
7	道玄真人	0	1	1	0	1
7	普泓	0	1	1	0	1
7	云易岚	0	1	1	0	1
7	鬼王	0	1	1	0	1
7	毒神	0	1	1	0	1
7	三妙夫人	0	1	1	0	1
7	万剑一	0	1	1	0	1
7	周一仙	0	1	1	0	1
7	鬼先生	0	1	1	0	1
7	黑心老人	0	1	1	0	1
7	陆雪琪	0	1	1	0	1
7	碧瑶	0	1	1	0	1
7	小白	0	1	1	0	1
7	林惊羽	0	1	1	0	1
7	张小凡	0	1	1	0	1
7	饕餮	0	1	1	0	1
7	玲珑	0	1	1	0	1
7	兽神	0	1	1	0	1
7	尚武★真英雄※【一品】	0	1	1	0	1
7	山河★Lh絮※【二品】	0	1	1	0	1
7	M城★S金甲※【三品】	0	1	1	0	1
7	碧血★qo悔※【四品】	0	1	1	0	1
7	我命★不由天※【五品】	0	1	1	0	1
7	⒈M★我人※【六品】	0	1	1	0	1
7	M刀★向天笑※【七品】	0	1	1	0	1
7	霄★Rw睢【八品】	0	1	1	0	1
7	天★震四方※【九品】	0	1	1	0	1
7	戮s★神王命※【十品】	0	1	1	0	1
7	雪吟★山河M※【op】	0	1	1	0	1
6	《天符》神威灬亢天g[	0	1	1	0	1
6	《天符》魔神灬之Eg}渊	0	1	1	0	1
6	《天符》神雷灬天裁g涅	0	1	1	0	1
6	《天符》血灬鹕瘵g天I	0	1	1	0	1
6	《天符》刀灬神皇g莫邪	0	1	1	0	1
6	《天符》真`灬九gWx	0	1	1	0	1
6	《天符》王灬opgKO	0	1	1	0	1
6	《天符》金z灬[g君王	0	1	1	0	1
6	《天符》赤心灬巡天g逍遥	0	1	1	0	1
6	《天符》天刀灬无疆g昊天	0	1	1	0	1
6	[拳拳灬到肉]莫使g金樽空对月	0	1	1	0	1
4	六※道血メ剑	0	1	1	0	1
4	悲※回Lメ剑	0	1	1	0	1
4	笑※n生メ斩	0	1	1	0	1
4	※破狼メ斩	0	1	1	0	1
4	凤舞※天翔づ斩	0	1	1	0	1
4	含光※弄影づ斩	0	1	1	0	1
4	降※伏虎づ斩	0	1	1	0	1
4	v※霸天づ斩	0	1	1	0	1
4	不朽※之伽耪	0	1	1	0	1
4	冷月※葬花づ斩	0	1	1	0	1
4	赤明※九天づ斩	0	1	1	0	1
4	仙Α九歌づ斩	0	1	1	0	1
4	神_※天照づ斩	0	1	1	0	1
4	紫辰※黎づ斩	0	1	1	0	1
4	《1.0倍》醉情※F影づ霸者	0	1	1	0	1
4	《2.0倍》y月※清歌づP翼	0	1	1	0	1
3	六※道血メ甲	0	1	1	0	1
3	悲※回Lメ甲	0	1	1	0	1
3	笑※n生メ袍	0	1	1	0	1
3	※破狼メ袍	0	1	1	0	1
3	凤舞※天翔づ袍	0	1	1	0	1
3	含光※弄影づ袍	0	1	1	0	1
3	降※伏虎づ袍	0	1	1	0	1
3	v※霸天づ袍	0	1	1	0	1
3	不朽※之伽排	0	1	1	0	1
3	冷月※葬花づ袍	0	1	1	0	1
3	赤明※九天づ袍	0	1	1	0	1
3	仙Α九歌づ袍	0	1	1	0	1
3	神_※天照づ袍	0	1	1	0	1
3	紫辰※黎づ袍	0	1	1	0	1
3	《1.0倍》醉情※F影づ霸者甲	0	1	1	0	1
3	《2.0倍》y月※清歌づP翼甲	0	1	1	0	1
5	六※道血メ盔	0	1	1	0	1
5	六※道血メ链	0	1	1	0	1
5	六※道血メ镯	0	1	1	0	1
5	六※道血メ戒	0	1	1	0	1
7	六※道血メ带	0	1	1	0	1
7	六※道血メ靴	0	1	1	0	1
5	悲※回Lメ盔	0	1	1	0	1
5	悲※回Lメ链	0	1	1	0	1
5	悲※回Lメ镯	0	1	1	0	1
5	悲※回Lメ戒	0	1	1	0	1
7	悲※回Lメ带	0	1	1	0	1
7	悲※回Lメ靴	0	1	1	0	1
5	笑※n生メ盔	0	1	1	0	1
5	笑※n生メ链	0	1	1	0	1
5	笑※n生メ镯	0	1	1	0	1
5	笑※n生メ戒	0	1	1	0	1
7	笑※n生メ带	0	1	1	0	1
7	笑※n生メ靴	0	1	1	0	1
5	※破狼メ盔	0	1	1	0	1
5	※破狼メ链	0	1	1	0	1
5	※破狼メ镯	0	1	1	0	1
5	※破狼メ戒	0	1	1	0	1
7	※破狼メ带	0	1	1	0	1
7	※破狼メ靴	0	1	1	0	1
5	凤舞※天翔づ盔	0	1	1	0	1
5	凤舞※天翔づ链	0	1	1	0	1
5	凤舞※天翔づ镯	0	1	1	0	1
5	凤舞※天翔づ戒	0	1	1	0	1
7	凤舞※天翔づ带	0	1	1	0	1
7	凤舞※天翔づ靴	0	1	1	0	1
5	含光※弄影づ盔	0	1	1	0	1
5	含光※弄影づ链	0	1	1	0	1
5	含光※弄影づ镯	0	1	1	0	1
5	含光※弄影づ戒	0	1	1	0	1
5	含光※弄影づ腕	0	1	1	0	1
5	含光※弄影づ指	0	1	1	0	1
7	含光※弄影づ带	0	1	1	0	1
7	含光※弄影づ靴	0	1	1	0	1
5	降※伏虎づ盔	0	1	1	0	1
5	降※伏虎づ链	0	1	1	0	1
5	降※伏虎づ镯	0	1	1	0	1
5	降※伏虎づ戒	0	1	1	0	1
5	降※伏虎づ腕	0	1	1	0	1
5	降※伏虎づ指	0	1	1	0	1
7	降※伏虎づ带	0	1	1	0	1
7	降※伏虎づ靴	0	1	1	0	1
5	v※霸天づ盔	0	1	1	0	1
5	v※霸天づ链	0	1	1	0	1
5	v※霸天づ镯	0	1	1	0	1
5	v※霸天づ戒	0	1	1	0	1
5	v※霸天づ腕	0	1	1	0	1
5	v※霸天づ指	0	1	1	0	1
7	v※霸天づ带	0	1	1	0	1
7	v※霸天づ靴	0	1	1	0	1
5	不朽※之伽趴	0	1	1	0	1
5	不朽※之伽帕	0	1	1	0	1
5	不朽※之伽棚	0	1	1	0	1
5	不朽※之伽沤	0	1	1	0	1
5	不朽※之伽磐	0	1	1	0	1
5	不朽※之伽胖	0	1	1	0	1
7	不朽※之伽糯	0	1	1	0	1
7	不朽※之伽叛	0	1	1	0	1
5	冷月※葬花づ盔	0	1	1	0	1
5	冷月※葬花づ链	0	1	1	0	1
5	冷月※葬花づ镯	0	1	1	0	1
5	冷月※葬花づ戒	0	1	1	0	1
5	冷月※葬花づ腕	0	1	1	0	1
5	冷月※葬花づ指	0	1	1	0	1
7	冷月※葬花づ带	0	1	1	0	1
7	冷月※葬花づ靴	0	1	1	0	1
5	赤明※九天づ盔	0	1	1	0	1
5	赤明※九天づ链	0	1	1	0	1
5	赤明※九天づ镯	0	1	1	0	1
5	赤明※九天づ戒	0	1	1	0	1
5	赤明※九天づ腕	0	1	1	0	1
5	赤明※九天づ指	0	1	1	0	1
7	赤明※九天づ带	0	1	1	0	1
7	赤明※九天づ靴	0	1	1	0	1
5	仙Α九歌づ盔	0	1	1	0	1
5	仙Α九歌づ链	0	1	1	0	1
5	仙Α九歌づ镯	0	1	1	0	1
5	仙Α九歌づ戒	0	1	1	0	1
5	仙Α九歌づ腕	0	1	1	0	1
5	仙Α九歌づ指	0	1	1	0	1
7	仙Α九歌づ带	0	1	1	0	1
7	仙Α九歌づ靴	0	1	1	0	1
5	神_※天照づ盔	0	1	1	0	1
5	神_※天照づ链	0	1	1	0	1
5	神_※天照づ镯	0	1	1	0	1
5	神_※天照づ戒	0	1	1	0	1
5	神_※天照づ腕	0	1	1	0	1
5	神_※天照づ指	0	1	1	0	1
7	神_※天照づ带	0	1	1	0	1
7	神_※天照づ靴	0	1	1	0	1
1	逐『王』鹿※戟★	0	1	1	0	1
1	逐『王』鹿※戟★★★	0	1	1	0	1
1	・不屈★战魂・	0	1	1	0	1
1	・无畏★先驱・	0	1	1	0	1
1	・秩序★之光・	0	1	1	0	1
1	・命运★之轮・	0	1	1	0	1
1	・裁决★之印・	0	1	1	0	1
1	・踏破★天穹・	0	1	1	0	1
1	第一富豪	0	1	1	0	1
1	第二富豪	0	1	1	0	1
1	第三富豪	0	1	1	0	1
1	爱心大使	0	1	1	0	1
1	魔d一阶魔修	0	1	1	0	1
1	魔d二阶魔修	0	1	1	0	1
1	魔d三阶魔修	0	1	1	0	1
1	魔d四阶魔修	0	1	1	0	1
1	魔d五阶魔修	0	1	1	0	1
1	魔d六阶魔修	0	1	1	0	1
1	魔d七阶魔修	0	1	1	0	1
1	魔d八阶魔修	0	1	1	0	1
1	魔咒d焚苍燃穹	0	1	1	0	1
1	魔念d血月荒神	0	1	1	0	1
1	同门之谊	0	1	1	0	1
1	年少奇才	0	1	1	0	1
1	首座之力	0	1	1	0	1
1	正魔之争	0	1	1	0	1
1	风尘戏天下	0	1	1	0	1
1	今生再难遇卿随	0	1	1	0	1
1	述一段悲情	0	1	1	0	1
1	回馈大使	0	1	1	0	1
1	帝君e中原◆KO审判の逐鹿盾	0	1	1	0	1
1	金ze[◆君王斩天の中原盾	0	1	1	0	1
5	紫辰※黎づ盔	0	1	1	0	1
5	紫辰※黎づ链	0	1	1	0	1
5	紫辰※黎づ镯	0	1	1	0	1
5	紫辰※黎づ戒	0	1	1	0	1
5	紫辰※黎づ腕	0	1	1	0	1
5	紫辰※黎づ指	0	1	1	0	1
7	紫辰※黎づ带	0	1	1	0	1
7	紫辰※黎づ靴	0	1	1	0	1
5	《1.0倍》醉情※F影づ霸者盔	0	1	1	0	1
5	《1.0倍》醉情※F影づ霸者链	0	1	1	0	1
5	《1.0倍》醉情※F影づ霸者镯	0	1	1	0	1
5	《1.0倍》醉情※F影づ霸者戒	0	1	1	0	1
5	《1.0倍》醉情※F影づ霸者腕	0	1	1	0	1
5	《1.0倍》醉情※F影づ霸者指	0	1	1	0	1
7	《1.0倍》醉情※F影づ霸者带	0	1	1	0	1
7	《1.0倍》醉情※F影づ霸者靴	0	1	1	0	1
5	《2.0倍》y月※清歌づP翼盔	0	1	1	0	1
5	《2.0倍》y月※清歌づP翼链	0	1	1	0	1
5	《2.0倍》y月※清歌づP翼镯	0	1	1	0	1
5	《2.0倍》y月※清歌づP翼戒	0	1	1	0	1
5	《2.0倍》y月※清歌づP翼腕	0	1	1	0	1
5	《2.0倍》y月※清歌づP翼指	0	1	1	0	1
7	《2.0倍》y月※清歌づP翼带	0	1	1	0	1
7	《2.0倍》y月※清歌づP翼靴	0	1	1	0	1
4	《3.0倍》末日※审判づT神	0	1	1	0	1
3	《3.0倍》末日※审判づT神甲	0	1	1	0	1
5	《3.0倍》末日※审判づT神盔	0	1	1	0	1
5	《3.0倍》末日※审判づT神链	0	1	1	0	1
5	《3.0倍》末日※审判づT神镯	0	1	1	0	1
5	《3.0倍》末日※审判づT神戒	0	1	1	0	1
5	《3.0倍》末日※审判づT神腕	0	1	1	0	1
5	《3.0倍》末日※审判づT神指	0	1	1	0	1
7	《3.0倍》末日※审判づT神带	0	1	1	0	1
7	《3.0倍》末日※审判づT神靴	0	1	1	0	1
4	《4.0倍》烈焰※永恒づ赤焰	0	1	1	0	1
3	《4.0倍》烈焰※永恒づ赤焰甲	0	1	1	0	1
5	《4.0倍》烈焰※永恒づ赤焰盔	0	1	1	0	1
5	《4.0倍》烈焰※永恒づ赤焰链	0	1	1	0	1
5	《4.0倍》烈焰※永恒づ赤焰镯	0	1	1	0	1
5	《4.0倍》烈焰※永恒づ赤焰戒	0	1	1	0	1
5	《4.0倍》烈焰※永恒づ赤焰腕	0	1	1	0	1
5	《4.0倍》烈焰※永恒づ赤焰指	0	1	1	0	1
7	《4.0倍》烈焰※永恒づ赤焰带	0	1	1	0	1
7	《4.0倍》烈焰※永恒づ赤焰靴	0	1	1	0	1
1	避劫丹	0	1	1	0	1
1	测试记录诏令	0	1	1	0	1
1	冰神★天珠	0	1	1	0	1
1	逐鹿の中原宝箱	0	1	1	0	1
1	逐鹿の中原钥匙	0	1	1	0	1
2	----------------------------	0	1	1	0	1
1	1元充值卷	0	1	1	0	1
1	2元充值卷	0	1	1	0	1
1	5元充值卷	0	1	1	0	1
1	10元充值卷	0	1	1	0	1
1	20元充值卷	0	1	1	0	1
1	50元充值卷	0	1	1	0	1
1	100元充值卷	0	1	1	0	1
1	11111111111111111111	0	1	1	0	1
1	血※仙珠(小礼包)	0	1	1	0	1
1	血※仙珠(中礼包)	0	1	1	0	1
1	血※仙珠(大礼包)	0	1	1	0	1
1	血※仙珠(超级礼包)	0	1	1	0	1
1	※初始★境※	0	1	1	0	1
1	※星辰★境※	0	1	1	0	1
1	※超凡★境※	0	1	1	0	1
1	※神灵★境※	0	1	1	0	1
1	※界神★境※	0	1	1	0	1
2	-----------------------	0	1	1	0	1
4	《5.0倍》碧血※清歌づ寒星	0	1	1	0	1
3	《5.0倍》碧血※清歌づ寒星甲	0	1	1	0	1
5	《5.0倍》碧血※清歌づ寒星盔	0	1	1	0	1
5	《5.0倍》碧血※清歌づ寒星链	0	1	1	0	1
5	《5.0倍》碧血※清歌づ寒星镯	0	1	1	0	1
5	《5.0倍》碧血※清歌づ寒星戒	0	1	1	0	1
5	《5.0倍》碧血※清歌づ寒星腕	0	1	1	0	1
5	《5.0倍》碧血※清歌づ寒星指	0	1	1	0	1
7	《5.0倍》碧血※清歌づ寒星带	0	1	1	0	1
7	《5.0倍》碧血※清歌づ寒星靴	0	1	1	0	1
4	《6.0倍》问鼎※D天づ守o	0	1	1	0	1
3	《6.0倍》问鼎※D天づ守o甲	0	1	1	0	1
5	《6.0倍》问鼎※D天づ守o盔	0	1	1	0	1
5	《6.0倍》问鼎※D天づ守o链	0	1	1	0	1
5	《6.0倍》问鼎※D天づ守o镯	0	1	1	0	1
5	《6.0倍》问鼎※D天づ守o戒	0	1	1	0	1
5	《6.0倍》问鼎※D天づ守o腕	0	1	1	0	1
5	《6.0倍》问鼎※D天づ守o指	0	1	1	0	1
7	《6.0倍》问鼎※D天づ守o带	0	1	1	0	1
7	《6.0倍》问鼎※D天づ守o靴	0	1	1	0	1
4	《7.0倍》暗噬※o痕づI域	0	1	1	0	1
3	《7.0倍》暗噬※o痕づI域甲	0	1	1	0	1
5	《7.0倍》暗噬※o痕づI域盔	0	1	1	0	1
5	《7.0倍》暗噬※o痕づI域链	0	1	1	0	1
5	《7.0倍》暗噬※o痕づI域镯	0	1	1	0	1
5	《7.0倍》暗噬※o痕づI域戒	0	1	1	0	1
5	《7.0倍》暗噬※o痕づI域腕	0	1	1	0	1
5	《7.0倍》暗噬※o痕づI域指	0	1	1	0	1
7	《7.0倍》暗噬※o痕づI域带	0	1	1	0	1
7	《7.0倍》暗噬※o痕づI域靴	0	1	1	0	1
1	遮天・打金卷轴1	0	1	1	0	1
1	矿泉水1	0	1	1	0	1
1	百事可乐1	0	1	1	0	1
1	红牛1	0	1	1	0	1
1	软云1	0	1	1	0	1
1	中华1	0	1	1	0	1
1	小熊猫1	0	1	1	0	1
7	「圣e章」L卷残・雄霸滔	0	1	1	0	1
1	刀刀切割药水	0	1	1	0	1
2	===========================	0	1	1	0	1
4	《8.0倍》七※玲づ幻	0	1	1	0	1
3	《8.0倍》七※玲づ幻艏	0	1	1	0	1
5	《8.0倍》七※玲づ幻艨	0	1	1	0	1
5	《8.0倍》七※玲づ幻袅	0	1	1	0	1
5	《8.0倍》七※玲づ幻麸	0	1	1	0	1
5	《8.0倍》七※玲づ幻艚	0	1	1	0	1
5	《8.0倍》七※玲づ幻敉	0	1	1	0	1
5	《8.0倍》七※玲づ幻糁	0	1	1	0	1
7	《8.0倍》七※玲づ幻舸	0	1	1	0	1
7	《8.0倍》七※玲づ幻粞	0	1	1	0	1
4	《10.0倍》玄冥※慑天づ景霄	0	1	1	0	1
3	《10.0倍》玄冥※慑天づ景霄甲	0	1	1	0	1
5	《10.0倍》玄冥※慑天づ景霄盔	0	1	1	0	1
5	《10.0倍》玄冥※慑天づ景霄链	0	1	1	0	1
5	《10.0倍》玄冥※慑天づ景霄镯	0	1	1	0	1
5	《10.0倍》玄冥※慑天づ景霄戒	0	1	1	0	1
5	《10.0倍》玄冥※慑天づ景霄腕	0	1	1	0	1
5	《10.0倍》玄冥※慑天づ景霄指	0	1	1	0	1
7	《10.0倍》玄冥※慑天づ景霄带	0	1	1	0	1
7	《10.0倍》玄冥※慑天づ景霄靴	0	1	1	0	1
7	f古メ跨三皇五帝・立不世之天威	0	1	1	0	1
1	[}皇]以吾之名★恩赐尔等・一死	0	1	1	0	1
4	《12.0倍》日月※乾坤づ莽荒	0	1	1	0	1
3	《12.0倍》日月※乾坤づ莽荒甲	0	1	1	0	1
5	《12.0倍》日月※乾坤づ莽荒盔	0	1	1	0	1
5	《12.0倍》日月※乾坤づ莽荒链	0	1	1	0	1
5	《12.0倍》日月※乾坤づ莽荒镯	0	1	1	0	1
5	《12.0倍》日月※乾坤づ莽荒戒	0	1	1	0	1
5	《12.0倍》日月※乾坤づ莽荒腕	0	1	1	0	1
5	《12.0倍》日月※乾坤づ莽荒指	0	1	1	0	1
7	《12.0倍》日月※乾坤づ莽荒带	0	1	1	0	1
7	《12.0倍》日月※乾坤づ莽荒靴	0	1	1	0	1
1	※真神★境※	0	1	1	0	1
4	《15.0倍》九耀※R雷づ深{	0	1	1	0	1
3	《15.0倍》九耀※R雷づ深{甲	0	1	1	0	1
5	《15.0倍》九耀※R雷づ深{盔	0	1	1	0	1
5	《15.0倍》九耀※R雷づ深{链	0	1	1	0	1
5	《15.0倍》九耀※R雷づ深{镯	0	1	1	0	1
5	《15.0倍》九耀※R雷づ深{戒	0	1	1	0	1
5	《15.0倍》九耀※R雷づ深{腕	0	1	1	0	1
5	《15.0倍》九耀※R雷づ深{指	0	1	1	0	1
7	《15.0倍》九耀※R雷づ深{带	0	1	1	0	1
7	《15.0倍》九耀※R雷づ深{靴	0	1	1	0	1
4	《18.0倍》金麟※回づ天琊	0	1	1	0	1
3	《18.0倍》金麟※回づ天琊甲	0	1	1	0	1
5	《18.0倍》金麟※回づ天琊盔	0	1	1	0	1
5	《18.0倍》金麟※回づ天琊链	0	1	1	0	1
5	《18.0倍》金麟※回づ天琊镯	0	1	1	0	1
5	《18.0倍》金麟※回づ天琊戒	0	1	1	0	1
5	《18.0倍》金麟※回づ天琊腕	0	1	1	0	1
5	《18.0倍》金麟※回づ天琊指	0	1	1	0	1
7	《18.0倍》金麟※回づ天琊带	0	1	1	0	1
7	《18.0倍》金麟※回づ天琊靴	0	1	1	0	1
4	《22.0倍》幻纭天使づ审判	0	1	1	0	1
3	《22.0倍》幻纭天使づ审判甲	0	1	1	0	1
5	《22.0倍》幻纭天使づ审判盔	0	1	1	0	1
5	《22.0倍》幻纭天使づ审判链	0	1	1	0	1
5	《22.0倍》幻纭天使づ审判镯	0	1	1	0	1
5	《22.0倍》幻纭天使づ审判戒	0	1	1	0	1
5	《22.0倍》幻纭天使づ审判腕	0	1	1	0	1
5	《22.0倍》幻纭天使づ审判指	0	1	1	0	1
7	《22.0倍》幻纭天使づ审判带	0	1	1	0	1
7	《22.0倍》幻纭天使づ审判靴	0	1	1	0	1
1	・无敌★王者・	0	1	1	0	1
1	※虚空★境※	0	1	1	0	1
4	《25.0倍》冰霜※星魔づ衾	0	1	1	0	1
3	《25.0倍》冰霜※星魔づ衾饧	0	1	1	0	1
5	《25.0倍》冰霜※星魔づ衾饪	0	1	1	0	1
5	《25.0倍》冰霜※星魔づ衾饬	0	1	1	0	1
5	《25.0倍》冰霜※星魔づ衾怙	0	1	1	0	1
5	《25.0倍》冰霜※星魔づ衾饨	0	1	1	0	1
5	《25.0倍》冰霜※星魔づ衾馔	0	1	1	0	1
5	《25.0倍》冰霜※星魔づ衾庵	0	1	1	0	1
7	《25.0倍》冰霜※星魔づ衾獯	0	1	1	0	1
7	《25.0倍》冰霜※星魔づ衾庋	0	1	1	0	1
4	《28.0倍》`※毓秀づ紫	0	1	1	0	1
3	《28.0倍》`※毓秀づ紫甲	0	1	1	0	1
5	《28.0倍》`※毓秀づ紫盔	0	1	1	0	1
5	《28.0倍》`※毓秀づ紫链	0	1	1	0	1
5	《28.0倍》`※毓秀づ紫镯	0	1	1	0	1
5	《28.0倍》`※毓秀づ紫戒	0	1	1	0	1
5	《28.0倍》`※毓秀づ紫腕	0	1	1	0	1
5	《28.0倍》`※毓秀づ紫指	0	1	1	0	1
7	《28.0倍》`※毓秀づ紫带	0	1	1	0	1
7	《28.0倍》`※毓秀づ紫靴	0	1	1	0	1
1	※宇宙★境※	0	1	1	0	1
1	※op★境※	0	1	1	0	1
1	※主宰★境※	0	1	1	0	1
4	《32.0倍》雷Q※x火づ帝炎	0	1	1	0	1
3	《32.0倍》雷Q※x火づ帝炎甲	0	1	1	0	1
5	《32.0倍》雷Q※x火づ帝炎盔	0	1	1	0	1
5	《32.0倍》雷Q※x火づ帝炎链	0	1	1	0	1
5	《32.0倍》雷Q※x火づ帝炎镯	0	1	1	0	1
5	《32.0倍》雷Q※x火づ帝炎戒	0	1	1	0	1
5	《32.0倍》雷Q※x火づ帝炎腕	0	1	1	0	1
5	《32.0倍》雷Q※x火づ帝炎指	0	1	1	0	1
7	《32.0倍》雷Q※x火づ帝炎带	0	1	1	0	1
7	《32.0倍》雷Q※x火づ帝炎靴	0	1	1	0	1
7	卧榻之侧の岂容他人酣睡・圣章	0	1	1	0	1
7	光明★法则	0	1	1	0	1
7	黑暗★法则	0	1	1	0	1
7	生命★法则	0	1	1	0	1
7	时空★法则	0	1	1	0	1
1	至高★主宰	0	1	1	0	1
4	《36.0倍》天星※耀づ霸^	0	1	1	0	1
3	《36.0倍》天星※耀づ霸^甲	0	1	1	0	1
5	《36.0倍》天星※耀づ霸^盔	0	1	1	0	1
5	《36.0倍》天星※耀づ霸^链	0	1	1	0	1
5	《36.0倍》天星※耀づ霸^镯	0	1	1	0	1
5	《36.0倍》天星※耀づ霸^戒	0	1	1	0	1
5	《36.0倍》天星※耀づ霸^腕	0	1	1	0	1
5	《36.0倍》天星※耀づ霸^指	0	1	1	0	1
7	《36.0倍》天星※耀づ霸^带	0	1	1	0	1
7	《36.0倍》天星※耀づ霸^靴	0	1	1	0	1
4	《40.0倍》神威※亢天づ[	0	1	1	0	1
3	《40.0倍》神威※亢天づ[甲	0	1	1	0	1
5	《40.0倍》神威※亢天づ[盔	0	1	1	0	1
5	《40.0倍》神威※亢天づ[链	0	1	1	0	1
5	《40.0倍》神威※亢天づ[镯	0	1	1	0	1
5	《40.0倍》神威※亢天づ[戒	0	1	1	0	1
5	《40.0倍》神威※亢天づ[腕	0	1	1	0	1
5	《40.0倍》神威※亢天づ[指	0	1	1	0	1
7	《40.0倍》神威※亢天づ[带	0	1	1	0	1
7	《40.0倍》神威※亢天づ[靴	0	1	1	0	1
2	★★★★★	0	1	1	0	1
1	逐『王』鹿※戟★★★★★	0	1	1	0	1
4	《45.0倍》魔神※之Eづ}渊	0	1	1	0	1
3	《45.0倍》魔神※之Eづ}渊甲	0	1	1	0	1
5	《45.0倍》魔神※之Eづ}渊盔	0	1	1	0	1
5	《45.0倍》魔神※之Eづ}渊链	0	1	1	0	1
5	《45.0倍》魔神※之Eづ}渊镯	0	1	1	0	1
5	《45.0倍》魔神※之Eづ}渊戒	0	1	1	0	1
5	《45.0倍》魔神※之Eづ}渊腕	0	1	1	0	1
5	《45.0倍》魔神※之Eづ}渊指	0	1	1	0	1
7	《45.0倍》魔神※之Eづ}渊带	0	1	1	0	1
7	《45.0倍》魔神※之Eづ}渊靴	0	1	1	0	1
4	《50.0倍》神雷※天裁づ涅	0	1	1	0	1
3	《50.0倍》神雷※天裁づ涅甲	0	1	1	0	1
5	《50.0倍》神雷※天裁づ涅盔	0	1	1	0	1
5	《50.0倍》神雷※天裁づ涅链	0	1	1	0	1
5	《50.0倍》神雷※天裁づ涅镯	0	1	1	0	1
5	《50.0倍》神雷※天裁づ涅戒	0	1	1	0	1
5	《50.0倍》神雷※天裁づ涅腕	0	1	1	0	1
5	《50.0倍》神雷※天裁づ涅指	0	1	1	0	1
7	《50.0倍》神雷※天裁づ涅带	0	1	1	0	1
7	《50.0倍》神雷※天裁づ涅靴	0	1	1	0	1
7	林★雷	0	1	1	0	1
7	罗★峰	0	1	1	0	1
7	秦★羽	0	1	1	0	1
7	雪★鹰	0	1	1	0	1
1	宇宙★掌控者	0	1	1	0	1
4	《55.0倍》血※鹕瘠盘礻I	0	1	1	0	1
3	《55.0倍》血※鹕瘠盘礻I甲	0	1	1	0	1
5	《55.0倍》血※鹕瘠盘礻I盔	0	1	1	0	1
5	《55.0倍》血※鹕瘠盘礻I链	0	1	1	0	1
5	《55.0倍》血※鹕瘠盘礻I镯	0	1	1	0	1
5	《55.0倍》血※鹕瘠盘礻I戒	0	1	1	0	1
5	《55.0倍》血※鹕瘠盘礻I腕	0	1	1	0	1
5	《55.0倍》血※鹕瘠盘礻I指	0	1	1	0	1
7	《55.0倍》血※鹕瘠盘礻I带	0	1	1	0	1
7	《55.0倍》血※鹕瘠盘礻I靴	0	1	1	0	1
4	《60.0倍》刀Α锷窕省莫邪	0	1	1	0	1
3	《60.0倍》刀Α锷窕省莫邪甲	0	1	1	0	1
5	《60.0倍》刀Α锷窕省莫邪盔	0	1	1	0	1
5	《60.0倍》刀Α锷窕省莫邪链	0	1	1	0	1
5	《60.0倍》刀Α锷窕省莫邪镯	0	1	1	0	1
5	《60.0倍》刀Α锷窕省莫邪戒	0	1	1	0	1
5	《60.0倍》刀Α锷窕省莫邪腕	0	1	1	0	1
5	《60.0倍》刀Α锷窕省莫邪指	0	1	1	0	1
7	《60.0倍》刀Α锷窕省莫邪带	0	1	1	0	1
7	《60.0倍》刀Α锷窕省莫邪靴	0	1	1	0	1
4	《65.0倍》真`★九※Wx	0	1	1	0	1
3	《65.0倍》真`★九※Wx甲	0	1	1	0	1
5	《65.0倍》真`★九※Wx盔	0	1	1	0	1
5	《65.0倍》真`★九※Wx链	0	1	1	0	1
5	《65.0倍》真`★九※Wx镯	0	1	1	0	1
5	《65.0倍》真`★九※Wx戒	0	1	1	0	1
5	《65.0倍》真`★九※Wx腕	0	1	1	0	1
5	《65.0倍》真`★九※Wx指	0	1	1	0	1
7	《65.0倍》真`★九※Wx带	0	1	1	0	1
7	《65.0倍》真`★九※Wx靴	0	1	1	0	1
1	《时装》天刀※无疆g昊天	0	1	1	0	1
4	《70.0倍》王★op※KO	0	1	1	0	1
3	《70.0倍》王★op※KO甲	0	1	1	0	1
5	《70.0倍》王★op※KO盔	0	1	1	0	1
5	《70.0倍》王★op※KO链	0	1	1	0	1
5	《70.0倍》王★op※KO镯	0	1	1	0	1
5	《70.0倍》王★op※KO戒	0	1	1	0	1
5	《70.0倍》王★op※KO腕	0	1	1	0	1
5	《70.0倍》王★op※KO指	0	1	1	0	1
7	《70.0倍》王★op※KO带	0	1	1	0	1
7	《70.0倍》王★op※KO靴	0	1	1	0	1
4	《75.0倍》金z★[※君王	0	1	1	0	1
3	《75.0倍》金z★[※君王甲	0	1	1	0	1
5	《75.0倍》金z★[※君王盔	0	1	1	0	1
5	《75.0倍》金z★[※君王链	0	1	1	0	1
5	《75.0倍》金z★[※君王镯	0	1	1	0	1
5	《75.0倍》金z★[※君王戒	0	1	1	0	1
5	《75.0倍》金z★[※君王腕	0	1	1	0	1
5	《75.0倍》金z★[※君王指	0	1	1	0	1
7	《75.0倍》金z★[※君王带	0	1	1	0	1
7	《75.0倍》金z★[※君王靴	0	1	1	0	1
4	《80.0倍》赤心★巡天※逍遥	0	1	1	0	1
3	《80.0倍》赤心★巡天※逍遥甲	0	1	1	0	1
5	《80.0倍》赤心★巡天※逍遥盔	0	1	1	0	1
5	《80.0倍》赤心★巡天※逍遥链	0	1	1	0	1
5	《80.0倍》赤心★巡天※逍遥镯	0	1	1	0	1
5	《80.0倍》赤心★巡天※逍遥戒	0	1	1	0	1
5	《80.0倍》赤心★巡天※逍遥腕	0	1	1	0	1
5	《80.0倍》赤心★巡天※逍遥指	0	1	1	0	1
7	《80.0倍》赤心★巡天※逍遥带	0	1	1	0	1
7	《80.0倍》赤心★巡天※逍遥靴	0	1	1	0	1
4	《85.0倍》天刀★无疆※昊天	0	1	1	0	1
3	《85.0倍》天刀★无疆※昊天甲	0	1	1	0	1
5	《85.0倍》天刀★无疆※昊天盔	0	1	1	0	1
5	《85.0倍》天刀★无疆※昊天链	0	1	1	0	1
5	《85.0倍》天刀★无疆※昊天镯	0	1	1	0	1
5	《85.0倍》天刀★无疆※昊天戒	0	1	1	0	1
5	《85.0倍》天刀★无疆※昊天腕	0	1	1	0	1
5	《85.0倍》天刀★无疆※昊天指	0	1	1	0	1
7	《85.0倍》天刀★无疆※昊天带	0	1	1	0	1
7	《85.0倍》天刀★无疆※昊天靴	0	1	1	0	1
1	金币	0	1	1	0	1
