《85.0倍》天刀★无疆※昊天	99999	1	1	1
【鼠】・寒冰咒	99999	1	-1	-1
【牛】・驭雷术	99999	1	-1	-1
【虎】・养生诀	99999	1	-1	-1
【兔】・御剑诀	99999	1	-1	-1
【龙】・逍遥游	99999	1	-1	-1
【蛇】・玄秒镜	99999	1	-1	-1
【马】・玄冰刺	99999	1	-1	-1
【羊】・御空术	99999	1	-1	-1
【猴】・冰心诀	99999	1	-1	-1
【鸡】・齐物论	99999	1	-1	-1
【狗】・沧澜破	99999	1	-1	-1
【猪】・退魔矢	99999	1	-1	-1
【鼠】・归云剑气	99999	1	-1	-1
【牛】・冰封天下	99999	1	-1	-1
【虎】・阴阳鬼遁	99999	1	-1	-1
【兔】・炼气还神	99999	1	-1	-1
【龙】・雷云风暴	99999	1	-1	-1
【蛇】・少阳剑气	99999	1	-1	-1
【马】・破魔剑气	99999	1	-1	-1
【羊】・真元护体	99999	1	-1	-1
【猴】・南华真经	99999	1	-1	-1
【鸡】・五雷轰顶	99999	1	-1	-1
【狗】・雷霆震怒	99999	1	-1	-1
【猪】・雷神之锥	99999	1	-1	-1
