;代码	座标x	座标y	怪物名称	范围	数量	时间	集中刷新几率	颜色
;-----------------------------------------------------------------------------------------------------
a3	351	342	练功师	0	1	60
;-----------------------------------------------------------------------------------------------------

等级050  100 100  域外の士卒               3000  150 30 0 250
等级050  100 100  域外の校尉               3000  150 30 0 250
等级050  100 100  域外の郎将               3000  150 30 0 250
等级050  100 100  域外の将军               3000  150 30 0 250

等级100  100 100  魔月の校尉              3000  150 30 0 154
等级100  100 100  魔月の校尉              3000  150 30 0 154
等级100  100 100  魔月の校尉              3000  150 30 0 154
等级100  100 100  逐鹿★专属宝宝・送福利      5000  40  30 0 70
等级100  100 100  元宝★福利・BOSS         5000  10  30 0 249
等级100  100 100  逐币★福利・BOSS       5000  10  30 0 249

等级110  100 100  众神の校尉              3000  300 30 0 253
等级110  100 100  众神の校尉              3000  300 30 0 253
等级110  100 100  众神の统帅・[爆神BOT]     1000   5  30 0 253
等级110  100 100  逐鹿★专属宝宝・送福利      1000  20  30 0 250
等级110  100 100  ●●我命由于不由天★福利・BOSS  1000  2   60 0 254
等级110  100 100  元宝★福利・BOSS          1000  5   30 0 249
等级110  100 100  逐币★福利・BOSS        1000  5   30 0 249

等级120  100 100  庄园の校尉                  3000  300 30 0 253
等级120  100 100  庄园の校尉                  3000  300 30 0 253
等级120  100 100  庄园の统帅・[爆神BOT]         1000   5  30 0 253
等级120  100 100  逐鹿★专属宝宝・送福利          1000  20  30 0 250
等级120  100 100  ●●我命由于不由天★福利・BOSS      1000  2   60 0 254
等级120  100 100  元宝★福利・BOSS              1000  5   30 0 249
等级120  100 100  逐币★福利・BOSS            1000  5   30 0 249

等级130  100 100  神之の校尉                3000  300 30 0 253
等级130  100 100  神之の校尉                3000  300 30 0 253
等级130  100 100  神之の统帅・[爆神BOT]       1000   5  30 0 253
等级130  100 100  逐鹿★专属宝宝・送福利        1000  20  30 0 250
等级130  100 100  ●●我命由于不由天★福利・BOSS    1000  2   60 0 254
等级130  100 100  元宝★福利・BOSS            1000  5   30 0 249
等级130  100 100  逐币★福利・BOSS          1000  5   30 0 249

等级150  100 100  幻想の校尉                3000  300 30 0 253
等级150  100 100  幻想の校尉                3000  300 30 0 253
等级150  100 100  幻想の统帅・[爆神BOT]       1000   5  30 0 253
等级150  100 100  逐鹿★专属宝宝・送福利        1000  20  30 0 250
等级150  100 100  ●●我命由于不由天★福利・BOSS    1000  2   60 0 254
等级150  100 100  元宝★福利・BOSS            1000  5   30 0 249
等级150  100 100  逐币★福利・BOSS          1000  5   30 0 249

;================二大陆


等级152  100 100  逆魔の校尉                      4000  300 30 0 253
等级152  100 100  逆魔の校尉                      4000  300 30 0 253
等级152  100 100  逆魔の统帅・[爆神BOT]             1000  5  30 0 253
等级152  100 100  逐鹿★专属宝宝・送福利              1000  20  30 0 250
等级152  100 100  ●●我命由于不由天★福利・BOSS         1000  2   60 0 254
等级152  100 100  元宝★福利・BOSS                 1000  5   30 0 249
等级152  100 100  逐币★福利・BOSS               1000  5   30 0 249

等级154  100 100  轩辕の校尉                      4000  300 30 0 253
等级154  100 100  轩辕の校尉                      4000  300 30 0 253
等级154  100 100  轩辕の统帅・[爆神BOT]             1000  5  30 0 253
等级154  100 100  逐鹿★专属宝宝・送福利              1000  20  30 0 250
等级154  100 100  ●●我命由于不由天★福利・BOSS         1000  2   60 0 254
等级154  100 100  元宝★福利・BOSS                 1000  5   30 0 249
等级154  100 100  逐币★福利・BOSS               1000  5   30 0 249


等级156  100 100  万兽の校尉                      4000  300 30 0 253
等级156  100 100  万兽の校尉                      4000  300 30 0 253
等级156  100 100  万兽の统帅・[爆神BOT]             1000  5  30 0 253
等级156  100 100  逐鹿★专属宝宝・送福利              1000  20  30 0 250
等级156  100 100  ●●我命由于不由天★福利・BOSS          1000  2   60 0 254
等级156  100 100  元宝★福利・BOSS                  1000  5   30 0 249
等级156  100 100  逐币★福利・BOSS                1000  5   30 0 249



等级158  100 100  幽灵の校尉                      4000  300 30 0 253
等级158  100 100  幽灵の校尉                      4000  300 30 0 253
等级158  100 100  幽灵の统帅・[爆神BOT]             1000  5  30 0 253
等级158  100 100  逐鹿★专属宝宝・送福利              1000  20  30 0 250
等级158  100 100  ●●我命由于不由天★福利・BOSS         1000  2   60 0 254
等级158  100 100  元宝★福利・BOSS                 1000  5   30 0 249
等级158  100 100  逐币★福利・BOSS               1000  5   30 0 249



等级160  100 100  血影の校尉                      4000  300 30 0 253
等级160  100 100  血影の校尉                      4000  300 30 0 253
等级160  100 100  血影の统帅・[爆神BOT]             1000  5  30 0 253
等级160  100 100  逐鹿★专属宝宝・送福利              1000  20  30 0 250
等级160  100 100  ●●我命由于不由天★福利・BOSS          1000  2   60 0 254
等级160  100 100  元宝★福利・BOSS                  1000  5   30 0 249
等级160  100 100  逐币★福利・BOSS                1000  5   30 0 249

;================三大陆



等级162  100 100  乾坤の校尉                      3000  350 30 0 253
等级162  100 100  乾坤の统帅・[爆神BOT]              1000  5  30 0 253
等级162  100 100  ●●我命由于不由天★福利・BOSS          1000  2   60 0 254
等级162  100 100  元宝★福利・BOSS                  1000  5   30 0 249
等级162  100 100  逐币★福利・BOSS                1000  5   30 0 249


等级164  100 100  究级の校尉                      3000  350 30 0 253
等级164  100 100  究级の统帅・[爆神BOT]             1000  5  30 0 253
等级164  100 100  ●●我命由于不由天★福利・BOSS          1000  2   60 0 254
等级164  100 100  元宝★福利・BOSS                  1000  5   30 0 249
等级164  100 100  逐币★福利・BOSS                1000  5   30 0 249


等级166  100 100  逍遥の校尉                      3000  350 30 0 253
等级166  100 100  逍遥の统帅・[爆神BOT]             1000  5  30 0 253
等级166  100 100  ●●我命由于不由天★福利・BOSS          1000  2   60 0 254
等级166  100 100  元宝★福利・BOSS                  1000  5   30 0 249
等级166  100 100  逐币★福利・BOSS                 1000  5   30 0 249

等级168  100 100  隐龙の校尉                      3000  350 30 0 253
等级168  100 100  隐龙の统帅・[爆神BOT]              1000  5  30 0 253
等级168  100 100  ●●我命由于不由天★福利・BOSS          1000  2   60 0 254
等级168  100 100  元宝★福利・BOSS                  1000  5   30 0 249
等级168  100 100  逐币★福利・BOSS                1000  5   30 0 249

等级170  100 100  冰雪の校尉                      3000  350 30 0 253
等级170  100 100  冰雪の统帅・[爆神BOT]             1000  5  30 0 253
等级170  100 100  ●●我命由于不由天★福利・BOSS          1000  2   60 0 254
等级170  100 100  元宝★福利・BOSS                  1000  5   30 0 249
等级170  100 100  逐币★福利・BOSS                1000  5   30 0 249

;================四大陆

等级172  100 100  魔界の校尉                      3000  350 30 0 253
等级172  100 100  魔界の统帅・[爆神BOT]            1000  5  30 0 253
等级172  100 100  ●●我命由于不由天★福利・BOSS          1000  2   60 0 254
等级172  100 100  逐币★福利・BOSS                1000  5   30 0 250
等级172  100 100  元宝★福利・BOSS                  1000  5   30 0 250

等级174  100 100  黑暗の校尉                      3000  350 30 0 253
等级174  100 100  黑暗の统帅・[爆神BOT]             1000  5  30 0 253
等级174  100 100  ●●我命由于不由天★福利・BOSS          1000  2   60 0 254
等级174  100 100  逐币★福利・BOSS                1000  5   30 0 250
等级174  100 100  元宝★福利・BOSS                  1000  5   30 0 250

等级176  100 100  血腥の校尉                      3000  350 30 0 253
等级176  100 100  血腥の统帅・[爆神BOT]             1000  5  30 0 253
等级176  100 100  ●●我命由于不由天★福利・BOSS          1000  2   60 0 254
等级176  100 100  逐币★福利・BOSS                1000  5   30 0 250
等级176  100 100  元宝★福利・BOSS                  1000  5   30 0 250

等级178  100 100  未知の校尉                      3000  350 30 0 253
等级178  100 100  未知の统帅・[爆神BOT]             1000  5  30 0 253
等级178  100 100  ●●我命由于不由天★福利・BOSS          1000  2   60 0 254
等级178  100 100  逐币★福利・BOSS                1000  5   30 0 250
等级178  100 100  元宝★福利・BOSS                  1000  5   30 0 250

等级180  100 100  幻魔の校尉                      3000  350 30 0 253
等级180  100 100  幻魔の统帅・[爆神BOT]             1000  5  30 0 253
等级180  100 100  ●●我命由于不由天★福利・BOSS          1000  2   60 0 254
等级180  100 100  逐币★福利・BOSS                1000  5   30 0 250
等级180  100 100  元宝★福利・BOSS                  1000  5   30 0 250

;================五大陆
等级185  100 100  炎风武圣【五十万倍★爆率】      2000  300 30 0 251
等级185  100 100  赤霄战神【一百万倍★爆率】      2000  300 30 0 251
等级185  100 100  玉面修罗【五百万倍★爆率】      2000  300 30 0 251
等级185  100 100  九幽魔魁【一千万倍★爆率】    2000  300 30 0 251
等级185  100 100  绝命刀皇【五千万倍★爆率】    2000  300 30 0 250
等级185  100 100  虚空凌霜剑帝【一亿倍★爆率】     2000  300 30 0 250

等级190  100 100  玉面修罗【五百万倍★爆率】      2000  300 30 0 251
等级190  100 100  玉面修罗【五百万倍★爆率】      2000  300 30 0 251
等级190  100 100  九幽魔魁【一千万倍★爆率】    2000  300 30 0 251
等级190  100 100  绝命刀皇【五千万倍★爆率】    2000  300 30 0 251
等级190  100 100  虚空凌霜剑帝【一亿倍★爆率】     2000  300 30 0 250
等级190  100 100  剑灵暗夜影主【五亿倍★爆率】     2000  300 30 0 250

等级195  100 100  剑灵暗夜影主【五亿倍★爆率】    2000  300 30 0 254
等级195  100 100  剑灵暗夜影主【五亿倍★爆率】    2000  300 30 0 254
等级195  100 100  无双龙渊剑尊【十亿倍★爆率】    2000  300 30 0 250
等级195  100 100  无双龙渊剑尊【十亿倍★爆率】    2000  300 30 0 250
等级195  100 100  灭天傲剑狂君【百亿倍★爆率】    2000  300 30 0 254
等级195  100 100  灭天傲剑狂君【百亿倍★爆率】    2000  300 30 0 254

等级200  100 100  无双龙渊剑尊【十亿倍★爆率】    2000  300 30 0 250
等级200  100 100  无双龙渊剑尊【十亿倍★爆率】    2000  300 30 0 250
等级200  100 100  灭天傲剑狂君【百亿倍★爆率】    2000  300 30 0 254
等级200  100 100  灭天傲剑狂君【百亿倍★爆率】    2000  300 30 0 254
等级200  100 100  傲世天武尊皇【千亿倍★爆率】    2000  300 30 0 254
等级200  100 100  傲世天武尊皇【千亿倍★爆率】    2000  300 30 0 254

等级205  100 100  ●「佛」【龙鳞卫达蒙】[轩辕]      2000  300 30 0 249
等级205  100 100  ●「佛」【龙鳞卫达蒙】[轩辕]      2000  300 30 0 249
等级205  100 100  ●「佛」【雷霆戟泰隆】[鸿蒙]      2000  300 30 0 249
等级205  100 100  ●「佛」【雷霆戟泰隆】[鸿蒙]      2000  300 30 0 249
等级205  100 100  ●「佛」【暗影刃莫邪】[苍穹]      2000  300 30 0 249
等级205  100 100  ●「佛」【暗影刃莫邪】[苍穹]      2000  300 30 0 249

等级210  100 100  ●〈仙〉【无双龙渊剑尊】[卓越]      2000  300 30 0 249
等级210  100 100  ●〈仙〉【无双龙渊剑尊】[卓越]      2000  300 30 0 249
等级210  100 100  ●〈仙〉【灭天傲剑狂君】[红尘]      2000  300 30 0 249
等级210  100 100  ●〈仙〉【灭天傲剑狂君】[红尘]      2000  300 30 0 249
等级210  100 100  ●〈仙〉【傲世天武尊皇】[圣世]      2000  300 30 0 249
等级210  100 100  ●〈仙〉【傲世天武尊皇】[圣世]      2000  300 30 0 249

等级220  100 100  ●(神)・【风暴★云龙灵】[主宰]      3000  300 30 0 249
等级220  100 100  ●(神)・【风暴★云龙灵】[主宰]      3000  300 30 0 249
等级220  100 100  ●(神)・【风暴★云龙灵】[主宰]      3000  300 30 0 249
等级220  100 100  ●(神)・【星河★银龙使】[圣王]      3000  300 30 0 249
等级220  100 100  ●(神)・【星河★银龙使】[圣王]      3000  300 30 0 249
等级220  100 100  ●(神)・【星河★银龙使】[圣王]      3000  300 30 0 249
等级220  100 100  ●(神)・【苍穹★云龙君】[帝尊]      3000  300 30 0 249
等级220  100 100  ●(神)・【苍穹★云龙君】[帝尊]      3000  300 30 0 249
等级220  100 100  ●(神)・【苍穹★云龙君】[帝尊]      3000  300 30 0 249


;---------------------------------------------------------------------------------
捐献地图  100 100  幻魔の校尉                      3000  350 30 0 253
捐献地图  100 100  幻魔の统帅・[爆神BOT]             1000  5  30 0 253
捐献地图  100 100  ●●我命由于不由天★福利・BOSS          1000  2   60 0 254
捐献地图  100 100  逐币★福利・BOSS                1000  5   30 0 250
捐献地图  100 100  元宝★福利・BOSS                  1000  5   30 0 250

狂暴地图  100 100  幻魔の校尉                      3000  350 30 0 253
狂暴地图  100 100  幻魔の统帅・[爆神BOT]             1000  5  30 0 253
狂暴地图  100 100  ●●我命由于不由天★福利・BOSS          1000  2   60 0 254
狂暴地图  100 100  逐币★福利・BOSS                1000  5   30 0 250
狂暴地图  100 100  元宝★福利・BOSS                  1000  5   30 0 250

会员地图  100 100  幻魔の校尉                      3000  350 30 0 253
会员地图  100 100  幻魔の统帅・[爆神BOT]             1000  5  30 0 253
会员地图  100 100  ●●我命由于不由天★福利・BOSS          1000  2   60 0 254
会员地图  100 100  逐币★福利・BOSS                1000  5   30 0 250
会员地图  100 100  元宝★福利・BOSS                  1000  5   30 0 250

盾牌地图  100 100  幻魔の校尉                      3000  350 30 0 253
盾牌地图  100 100  幻魔の统帅・[爆神BOT]             1000  5  30 0 253
盾牌地图  100 100  ●●我命由于不由天★福利・BOSS          1000  2   60 0 254
盾牌地图  100 100  逐币★福利・BOSS                1000  5   30 0 250
盾牌地图  100 100  元宝★福利・BOSS                  1000  5   30 0 250

000193  100 100  幻魔の校尉                      3000  350 30 0 253
000193  100 100  幻魔の统帅・[爆神BOT]             1000  5  30 0 253
000193  100 100  ●●我命由于不由天★福利・BOSS          1000  2   60 0 254
000193  100 100  逐币★福利・BOSS                1000  5   30 0 250
000193  100 100  元宝★福利・BOSS                  1000  5   30 0 250


000194  100 100  幻魔の校尉                      3000  350 30 0 253
000194  100 100  幻魔の统帅・[爆神BOT]             1000  5  30 0 253
000194  100 100  ●●我命由于不由天★福利・BOSS          1000  2   60 0 254
000194  100 100  逐币★福利・BOSS                1000  5   30 0 250
000194  100 100  元宝★福利・BOSS                  1000  5   30 0 250


000195  100 100  幻魔の校尉                      3000  350 30 0 253
000195  100 100  幻魔の统帅・[爆神BOT]             1000  5  30 0 253
000195  100 100  ●●我命由于不由天★福利・BOSS          1000  2   60 0 254
000195  100 100  逐币★福利・BOSS                1000  5   30 0 250
000195  100 100  元宝★福利・BOSS                  1000  5   30 0 250


000199  100 100  幻魔の校尉                      3000  350 30 0 253
000199  100 100  幻魔の统帅・[爆神BOT]             1000  5  30 0 253
000199  100 100  ●●我命由于不由天★福利・BOSS          1000  2   60 0 254
000199  100 100  逐币★福利・BOSS                1000  5   30 0 250
000199  100 100  元宝★福利・BOSS                  1000  5   30 0 250


000200  100 100  幻魔の校尉                      3000  350 30 0 253
000200  100 100  幻魔の统帅・[爆神BOT]             1000  5  30 0 253
000200  100 100  ●●我命由于不由天★福利・BOSS          1000  2   60 0 254
000200  100 100  逐币★福利・BOSS                1000  5   30 0 250
000200  100 100  元宝★福利・BOSS                  1000  5   30 0 250


000201  100 100  幻魔の校尉                      3000  350 30 0 253
000201  100 100  幻魔の统帅・[爆神BOT]             1000  5  30 0 253
000201  100 100  ●●我命由于不由天★福利・BOSS          1000  2   60 0 254
000201  100 100  逐币★福利・BOSS                1000  5   30 0 250
000201  100 100  元宝★福利・BOSS                  1000  5   30 0 250


000202  100 100  幻魔の校尉                      3000  350 30 0 253
000202  100 100  幻魔の统帅・[爆神BOT]             1000  5  30 0 253
000202  100 100  ●●我命由于不由天★福利・BOSS          1000  2   60 0 254
000202  100 100  逐币★福利・BOSS                1000  5   30 0 250
000202  100 100  元宝★福利・BOSS                  1000  5   30 0 250


000203  100 100  幻魔の校尉                      3000  350 30 0 253
000203  100 100  幻魔の统帅・[爆神BOT]             1000  5  30 0 253
000203  100 100  ●●我命由于不由天★福利・BOSS          1000  2   60 0 254
000203  100 100  逐币★福利・BOSS                1000  5   30 0 250
000203  100 100  元宝★福利・BOSS                  1000  5   30 0 250


000204  100 100  幻魔の校尉                      3000  350 30 0 253
000204  100 100  幻魔の统帅・[爆神BOT]             1000  5  30 0 253
000204  100 100  ●●我命由于不由天★福利・BOSS          1000  2   60 0 254
000204  100 100  逐币★福利・BOSS                1000  5   30 0 250
000204  100 100  元宝★福利・BOSS                  1000  5   30 0 250


000205  100 100  幻魔の校尉                      3000  350 30 0 253
000205  100 100  幻魔の统帅・[爆神BOT]             1000  5  30 0 253
000205  100 100  ●●我命由于不由天★福利・BOSS          1000  2   60 0 254
000205  100 100  逐币★福利・BOSS                1000  5   30 0 250
000205  100 100  元宝★福利・BOSS                  1000  5   30 0 250


XDT12  100 100  幻魔の校尉                      3000  350 30 0 253
XDT12  100 100  幻魔の统帅・[爆神BOT]             1000  5  30 0 253
XDT12  100 100  ●●我命由于不由天★福利・BOSS          1000  2   60 0 254
XDT12  100 100  逐币★福利・BOSS                1000  5   30 0 250
XDT12  100 100  元宝★福利・BOSS                  1000  5   30 0 250


XDT25  100 100  幻魔の校尉                      3000  350 30 0 253
XDT25  100 100  幻魔の统帅・[爆神BOT]             1000  5  30 0 253
XDT25  100 100  ●●我命由于不由天★福利・BOSS          1000  2   60 0 254
XDT25  100 100  逐币★福利・BOSS                1000  5   30 0 250
XDT25  100 100  元宝★福利・BOSS                  1000  5   30 0 250


XDT35  100 100  幻魔の校尉                      3000  350 30 0 253
XDT35  100 100  幻魔の统帅・[爆神BOT]             1000  5  30 0 253
XDT35  100 100  ●●我命由于不由天★福利・BOSS          1000  2   60 0 254
XDT35  100 100  逐币★福利・BOSS                1000  5   30 0 250
XDT35  100 100  元宝★福利・BOSS                  1000  5   30 0 250


XDT36  100 100  幻魔の校尉                      3000  350 30 0 253
XDT36  100 100  幻魔の统帅・[爆神BOT]             1000  5  30 0 253
XDT36  100 100  ●●我命由于不由天★福利・BOSS          1000  2   60 0 254
XDT36  100 100  逐币★福利・BOSS                1000  5   30 0 250
XDT36  100 100  元宝★福利・BOSS                  1000  5   30 0 250


XDT37  100 100  幻魔の校尉                      3000  350 30 0 253
XDT37  100 100  幻魔の统帅・[爆神BOT]             1000  5  30 0 253
XDT37  100 100  ●●我命由于不由天★福利・BOSS          1000  2   60 0 254
XDT37  100 100  逐币★福利・BOSS                1000  5   30 0 250
XDT37  100 100  元宝★福利・BOSS                  1000  5   30 0 250


XDT38  100 100  幻魔の校尉                      3000  350 30 0 253
XDT38  100 100  幻魔の统帅・[爆神BOT]             1000  5  30 0 253
XDT38  100 100  ●●我命由于不由天★福利・BOSS          1000  2   60 0 254
XDT38  100 100  逐币★福利・BOSS                1000  5   30 0 250
XDT38  100 100  元宝★福利・BOSS                  1000  5   30 0 250


第一大陆  100 100  幻魔の校尉                      3000  350 30 0 253
第一大陆  100 100  幻魔の统帅・[爆神BOT]             1000  5  30 0 253
第一大陆  100 100  ●●我命由于不由天★福利・BOSS          1000  2   60 0 254
第一大陆  100 100  逐币★福利・BOSS                1000  5   30 0 250
第一大陆  100 100  元宝★福利・BOSS                  1000  5   30 0 250


第1  100 100  幻魔の校尉                      3000  350 30 0 253
第1  100 100  幻魔の统帅・[爆神BOT]             1000  5  30 0 253
第1  100 100  ●●我命由于不由天★福利・BOSS          1000  2   60 0 254
第1  100 100  逐币★福利・BOSS                1000  5   30 0 250
第1  100 100  元宝★福利・BOSS                  1000  5   30 0 250