;地图号 座标X 座标Y 禁止说话 大小范围 光环类型 PKZONE PKFIRE 
;##################################################

0       288    616     0        6         4      0       0
0       650    629     0        6         4      0       0

0       288    616     0        6         4      0       0
0       650    629     0        6         4      0       0

;摆摊区
;--------------------------------------------------------
;毒蛇山谷村庄
;--------------------------------------------------
2	503	483     0       8        4      0       0   

;白日门
;--------------------------------------------------
11	178	326     0       10       4      0       0

;盟重土城
;--------------------------------------------------
3	328	334     0       10       4      0       0
3	346	329     0        5       4      0       0

a3	328	334     0       10       4      0       0
a3	346	329     0        5       4      0       0


;红名村
;--------------------------------------------------
3	850	675     0       8       4      0       0

a3	850	675     0       8       4      0       0

;封魔谷
;--------------------------------------------------
4	240	200     0       8        4      0       0

;苍月岛
;--------------------------------------------------
5	140	334     0       8        4      0       0

0       329    269     0        6        4      0       0

;魔界
;--------------------------------------------------
dumojie	  100	98	0	4	4	0	0

;--------------------------------------------------
;第一大陆	  109 105	0	8	4	0	0
;第二大陆	  108 261 0 12 4 0 0
第二大陆	  97 100 0 12 4 0 0
第三大陆	  60 48 0 8 4 0 0
第四大陆	  99 238 0 8 4 0 0
第五大陆	  52 316 0 10 4 0 0
第六大陆	  60 59 0 8 4 0 0
