[@开始按钮A]
{
#IF
#ACT
ADDBUTTON 101 1 731 732 733 148 42  0 -1 \254/点击打开逐鹿攻略
ADDBUTTON 101 2 758 759 760 173 42  0 -1 \254/点击查看世界BOSS
ADDBUTTON 101 3 752 753 754 198 42  0 -1 \254/点击查看狂暴之力
ADDBUTTON 101 4 746 747 748 223 42  0 -1 \254/点击查看首爆奖励
ADDBUTTON 101 5 740 741 742 248 42  0 -1 \254/点击打开装备回收
ADDBUTTON 101 6 755 756 757 273 42  0 -1 \254/点击查看装备重鉴
ADDBUTTON 101 7 767 768 769 298 42  0 -1 \254/点击查看装备投保
ADDBUTTON 101 8 9999 9999 9999 210 86  0 <$STR(N$总爆率)>%
ADDBUTTON 101 9 9999 9999 9999 288 86  0 <$STR(N$总切割)>
ADDBUTTON 101 10 9999 9999 9999 210 106  0 <$STR(N$总倍数)>%
ADDBUTTONEX 11|-10|-50|0 101 710 101 710|21|150|1|0|0 * * -1|254/点击收起菜单 0
SET [10] 1
}

